MaliciousReporter: , M_LL_0 , 1 , -0.876045 , 41 , 1 , 40
MaliciousReporter: , M_LL_1 , 2 , -0.950678 , 55 , 1 , 54
MaliciousReporter: , M_LL_2 , 3 , -0.841571 , 36 , 0 , 36
MaliciousReporter: , M_LL_3 , 4 , -0.888876 , 47 , 4 , 43
MaliciousReporter: , M_LL_4 , 5 , -0.958394 , 60 , 3 , 57
MaliciousReporter: , M_LL_5 , 6 , -0.950618 , 55 , 1 , 54
MaliciousReporter: , M_LL_6 , 7 , -0.851105 , 37 , 0 , 37
MaliciousReporter: , M_LL_7 , 8 , -0.806511 , 34 , 1 , 33
MaliciousReporter: , M_LL_8 , 9 , -0.946329 , 55 , 2 , 53
MaliciousReporter: , M_LL_9 , 10 , -0.956743 , 57 , 1 , 56
MaliciousReporter: , M_LL_10 , 11 , -0.711953 , 28 , 2 , 26
MaliciousReporter: , M_LL_11 , 12 , -0.844693 , 39 , 2 , 37
MaliciousReporter: , M_LL_12 , 13 , -0.945463 , 55 , 2 , 53
MaliciousReporter: , M_LL_13 , 14 , -0.792602 , 34 , 2 , 32
MaliciousReporter: , M_LL_14 , 15 , -0.939399 , 56 , 4 , 52
MaliciousReporter: , M_LL_15 , 16 , -0.791186 , 34 , 2 , 32
MaliciousReporter: , M_LL_16 , 17 , -0.818741 , 35 , 1 , 34
MaliciousReporter: , M_LL_17 , 18 , -0.927067 , 57 , 7 , 50
MaliciousReporter: , M_LL_18 , 19 , -0.915757 , 51 , 4 , 47
MaliciousReporter: , M_LL_19 , 20 , -0.930014 , 50 , 1 , 49
MaliciousReporter: , M_LL_20 , 21 , -0.910823 , 45 , 0 , 45
MaliciousReporter: , M_LL_21 , 22 , -0.84785 , 38 , 1 , 37
MaliciousReporter: , M_LL_22 , 23 , -0.959599 , 62 , 4 , 58
MaliciousReporter: , M_LL_23 , 24 , -0.783084 , 32 , 1 , 31
MaliciousReporter: , M_LL_24 , 25 , -0.841748 , 36 , 0 , 36
MaliciousReporter: , M_LL_25 , 26 , -0.880329 , 40 , 0 , 40
MaliciousReporter: , M_LL_26 , 27 , -0.91433 , 48 , 2 , 46
MaliciousReporter: , M_LL_27 , 28 , -0.917239 , 50 , 3 , 47
MaliciousReporter: , M_LL_28 , 29 , -0.743876 , 29 , 1 , 28
MaliciousReporter: , M_LL_29 , 30 , -0.940282 , 57 , 5 , 52
MaliciousReporter: , M_LR_300 , 31 , -0.327282 , 3 , 0 , 3
MaliciousReporter: , M_LR_302 , 32 , -0.608095 , 19 , 0 , 19
MaliciousReporter: , M_LR_304 , 33 , -0.613613 , 22 , 2 , 20
MaliciousReporter: , M_LR_305 , 34 , -0.343412 , 4 , 0 , 4
MaliciousReporter: , M_LR_306 , 35 , -0.82805 , 44 , 7 , 37
MaliciousReporter: , M_LR_308 , 36 , -0.458773 , 12 , 1 , 11
MaliciousReporter: , M_LR_309 , 37 , -0.39398 , 7 , 0 , 7
MaliciousReporter: , M_LR_310 , 38 , -0.446905 , 10 , 0 , 10
MaliciousReporter: , M_LR_311 , 39 , -0.567024 , 18 , 1 , 17
MaliciousReporter: , M_LR_312 , 40 , -0.452654 , 13 , 2 , 11
MaliciousReporter: , M_LR_313 , 41 , -0.327233 , 3 , 0 , 3
MaliciousReporter: , M_LR_314 , 42 , -0.501068 , 13 , 0 , 13
MaliciousReporter: , M_LR_315 , 43 , -0.652959 , 23 , 1 , 22
MaliciousReporter: , M_LR_317 , 44 , -0.573062 , 17 , 0 , 17
MaliciousReporter: , M_LR_318 , 45 , -0.446894 , 10 , 0 , 10
MaliciousReporter: , M_LR_319 , 46 , -0.482953 , 12 , 0 , 12
MaliciousReporter: , M_LR_320 , 47 , -0.311472 , 2 , 0 , 2
MaliciousReporter: , M_LR_321 , 48 , -0.537229 , 15 , 0 , 15
MaliciousReporter: , M_LR_322 , 49 , -0.821342 , 38 , 3 , 35
MaliciousReporter: , M_LR_324 , 50 , -0.603466 , 20 , 1 , 19
MaliciousReporter: , M_LR_325 , 51 , -0.296147 , 1 , 0 , 1
MaliciousReporter: , M_LR_327 , 52 , -0.555238 , 16 , 0 , 16
MaliciousReporter: , M_LR_328 , 53 , -0.674588 , 23 , 0 , 23
MaliciousReporter: , M_LR_329 , 54 , -0.806588 , 38 , 4 , 34
MaliciousReporter: , M_UL_600 , 55 , -0.668903 , 28 , 4 , 24
MaliciousReporter: , M_UL_601 , 56 , -0.56699 , 18 , 1 , 17
MaliciousReporter: , M_UL_602 , 57 , -0.531091 , 16 , 1 , 15
MaliciousReporter: , M_UL_603 , 58 , -0.549144 , 17 , 1 , 16
MaliciousReporter: , M_UL_605 , 59 , -0.411105 , 12 , 3 , 9
MaliciousReporter: , M_UL_607 , 60 , -0.774975 , 30 , 0 , 30
MaliciousReporter: , M_UL_608 , 61 , -0.835111 , 38 , 2 , 36
MaliciousReporter: , M_UL_609 , 62 , -0.791234 , 34 , 2 , 32
MaliciousReporter: , M_UL_611 , 63 , -0.359893 , 5 , 0 , 5
MaliciousReporter: , M_UL_612 , 64 , -0.537208 , 15 , 0 , 15
MaliciousReporter: , M_UL_613 , 65 , -0.440855 , 11 , 1 , 10
MaliciousReporter: , M_UL_614 , 66 , -0.376799 , 6 , 0 , 6
MaliciousReporter: , M_UL_615 , 67 , -0.429053 , 9 , 0 , 9
MaliciousReporter: , M_UL_616 , 68 , -0.311476 , 2 , 0 , 2
MaliciousReporter: , M_UL_617 , 69 , -0.658164 , 26 , 3 , 23
MaliciousReporter: , M_UL_618 , 70 , -0.652934 , 23 , 1 , 22
MaliciousReporter: , M_UL_619 , 71 , -0.766259 , 32 , 2 , 30
MaliciousReporter: , M_UL_621 , 72 , -0.327247 , 3 , 0 , 3
MaliciousReporter: , M_UL_622 , 73 , -0.411386 , 8 , 0 , 8
MaliciousReporter: , M_UL_623 , 74 , -0.71045 , 28 , 2 , 26
MaliciousReporter: , M_UL_624 , 75 , -0.584595 , 19 , 1 , 18
MaliciousReporter: , M_UL_625 , 76 , -0.296156 , 1 , 0 , 1
MaliciousReporter: , M_UL_626 , 77 , -0.54907 , 17 , 1 , 16
MaliciousReporter: , M_UL_629 , 78 , -0.376752 , 6 , 0 , 6
MaliciousReporter: , M_UR_901 , 79 , -0.321879 , 4 , 1 , 3
MaliciousReporter: , M_UR_902 , 80 , -0.359956 , 5 , 0 , 5
MaliciousReporter: , M_UR_903 , 81 , -0.291069 , 2 , 1 , 1
MaliciousReporter: , M_UR_905 , 82 , -0.296165 , 1 , 0 , 1
MaliciousReporter: , M_UR_906 , 83 , -0.64181 , 25 , 3 , 22
MaliciousReporter: , M_UR_908 , 84 , -0.653003 , 23 , 1 , 22
MaliciousReporter: , M_UR_912 , 85 , -0.296157 , 1 , 0 , 1
MaliciousReporter: , M_UR_913 , 86 , -0.348664 , 7 , 2 , 5
MaliciousReporter: , M_UR_917 , 87 , -0.321889 , 4 , 1 , 3
MaliciousReporter: , M_UR_918 , 88 , -0.555272 , 16 , 0 , 16
MaliciousReporter: , M_UR_920 , 89 , -0.296157 , 1 , 0 , 1
MaliciousReporter: , M_UR_921 , 90 , -0.327256 , 3 , 0 , 3
MaliciousReporter: , M_UR_924 , 91 , -0.32187 , 4 , 1 , 3
MaliciousReporter: , M_UR_925 , 92 , -0.291061 , 2 , 1 , 1
MaliciousReporter: , M_UR_927 , 93 , -0.513074 , 15 , 1 , 14
MaliciousReporter: , M_UR_928 , 94 , -0.321861 , 4 , 1 , 3
SelfishReporter: , S_LL_30 , 95 , -0.454809 , 38 , 21 , 17
SelfishReporter: , S_LL_31 , 96 , -0.471966 , 60 , 37 , 23
SelfishReporter: , S_LL_32 , 97 , -0.468211 , 32 , 16 , 16
SelfishReporter: , S_LL_33 , 98 , -0.59201 , 34 , 12 , 22
SelfishReporter: , S_LL_34 , 99 , -0.625878 , 76 , 43 , 33
SelfishReporter: , S_LL_35 , 100 , -0.387619 , 45 , 29 , 16
SelfishReporter: , S_LL_36 , 101 , -0.617062 , 62 , 34 , 28
SelfishReporter: , S_LL_37 , 102 , -0.622642 , 57 , 29 , 28
SelfishReporter: , S_LL_38 , 103 , -0.654795 , 82 , 46 , 36
SelfishReporter: , S_LL_39 , 104 , -0.493579 , 41 , 22 , 19
SelfishReporter: , S_LL_40 , 105 , -0.343284 , 20 , 12 , 8
SelfishReporter: , S_LL_41 , 106 , -0.688209 , 68 , 38 , 30
SelfishReporter: , S_LL_42 , 107 , -0.31661 , 25 , 17 , 8
SelfishReporter: , S_LL_43 , 108 , -0.758321 , 58 , 34 , 24
SelfishReporter: , S_LL_44 , 109 , -0.40124 , 46 , 29 , 17
SelfishReporter: , S_LL_45 , 110 , -0.456153 , 54 , 33 , 21
SelfishReporter: , S_LL_46 , 111 , -0.337299 , 26 , 17 , 9
SelfishReporter: , S_LL_47 , 112 , -0.58181 , 66 , 37 , 29
SelfishReporter: , S_LL_48 , 113 , -0.626624 , 47 , 21 , 26
SelfishReporter: , S_LL_49 , 114 , -0.497725 , 51 , 29 , 22
SelfishReporter: , S_LL_50 , 115 , -0.332421 , 10 , 5 , 5
SelfishReporter: , S_LL_51 , 116 , -0.486166 , 63 , 39 , 24
SelfishReporter: , S_LL_52 , 117 , -0.637888 , 61 , 31 , 30
SelfishReporter: , S_LL_53 , 118 , -0.346044 , 43 , 29 , 14
SelfishReporter: , S_LL_54 , 119 , -0.381964 , 25 , 14 , 11
SelfishReporter: , S_LL_55 , 120 , -0.541411 , 44 , 23 , 21
SelfishReporter: , S_LL_56 , 121 , -0.393732 , 44 , 28 , 16
SelfishReporter: , S_LL_57 , 122 , -0.425776 , 30 , 16 , 14
SelfishReporter: , S_LL_58 , 123 , -0.404429 , 34 , 20 , 14
SelfishReporter: , S_LL_59 , 124 , -0.5734 , 57 , 32 , 25
SelfishReporter: , S_LL_60 , 125 , -0.497156 , 64 , 39 , 25
SelfishReporter: , S_LL_61 , 126 , -0.491461 , 39 , 20 , 19
SelfishReporter: , S_LL_62 , 127 , -0.48508 , 45 , 25 , 20
SelfishReporter: , S_LL_63 , 128 , -0.664212 , 62 , 35 , 27
SelfishReporter: , S_LL_64 , 129 , -0.55298 , 38 , 17 , 21
SelfishReporter: , S_LL_65 , 130 , -0.581566 , 57 , 30 , 27
SelfishReporter: , S_LL_66 , 131 , -0.499004 , 51 , 29 , 22
SelfishReporter: , S_LL_67 , 132 , -0.516774 , 53 , 30 , 23
SelfishReporter: , S_LL_68 , 133 , -0.389187 , 24 , 13 , 11
SelfishReporter: , S_LL_69 , 134 , -0.591042 , 46 , 23 , 23
SelfishReporter: , S_LL_70 , 135 , -0.465249 , 36 , 19 , 17
SelfishReporter: , S_LL_71 , 136 , -0.566579 , 56 , 30 , 26
SelfishReporter: , S_LL_72 , 137 , -0.379771 , 30 , 18 , 12
SelfishReporter: , S_LL_73 , 138 , -0.484268 , 50 , 29 , 21
SelfishReporter: , S_LL_74 , 139 , -0.827231 , 63 , 28 , 35
SelfishReporter: , S_LL_75 , 140 , -0.354222 , 62 , 43 , 19
SelfishReporter: , S_LL_76 , 141 , -0.389681 , 16 , 7 , 9
SelfishReporter: , S_LL_77 , 142 , -0.642306 , 65 , 34 , 31
SelfishReporter: , S_LL_78 , 143 , -0.550066 , 51 , 27 , 24
SelfishReporter: , S_LL_79 , 144 , -0.729728 , 60 , 34 , 26
SelfishReporter: , S_LL_80 , 145 , -0.814214 , 72 , 37 , 35
SelfishReporter: , S_LL_81 , 146 , -0.364053 , 46 , 31 , 15
SelfishReporter: , S_LL_82 , 147 , -0.48384 , 37 , 19 , 18
SelfishReporter: , S_LL_83 , 148 , -0.58864 , 60 , 33 , 27
SelfishReporter: , S_LL_84 , 149 , -0.616344 , 77 , 44 , 33
SelfishReporter: , S_LL_85 , 150 , -0.389284 , 28 , 16 , 12
SelfishReporter: , S_LL_86 , 151 , -0.596192 , 68 , 38 , 30
SelfishReporter: , S_LL_87 , 152 , -0.375436 , 31 , 19 , 12
SelfishReporter: , S_LL_88 , 153 , -0.590452 , 70 , 40 , 30
SelfishReporter: , S_LL_89 , 154 , -0.612482 , 54 , 27 , 27
SelfishReporter: , S_LR_330 , 155 , -0.479279 , 34 , 17 , 17
SelfishReporter: , S_LR_331 , 156 , -0.343096 , 8 , 3 , 5
SelfishReporter: , S_LR_332 , 157 , -0.321567 , 8 , 4 , 4
SelfishReporter: , S_LR_333 , 158 , -0.371001 , 7 , 1 , 6
SelfishReporter: , S_LR_335 , 159 , -0.311249 , 6 , 3 , 3
SelfishReporter: , S_LR_337 , 160 , -0.481745 , 28 , 12 , 16
SelfishReporter: , S_LR_338 , 161 , -0.291036 , 2 , 1 , 1
SelfishReporter: , S_LR_339 , 162 , -0.306283 , 3 , 1 , 2
SelfishReporter: , S_LR_340 , 163 , -0.458972 , 37 , 20 , 17
SelfishReporter: , S_LR_341 , 164 , -0.296153 , 1 , 0 , 1
SelfishReporter: , S_LR_342 , 165 , -0.296147 , 1 , 0 , 1
SelfishReporter: , S_LR_343 , 166 , -0.306046 , 7 , 4 , 3
SelfishReporter: , S_LR_344 , 167 , 0.254801 , 1 , 1 , 0
SelfishReporter: , S_LR_346 , 168 , -0.410868 , 20 , 9 , 11
SelfishReporter: , S_LR_348 , 169 , -0.387494 , 16 , 7 , 9
SelfishReporter: , S_LR_350 , 170 , -0.343221 , 8 , 3 , 5
SelfishReporter: , S_LR_352 , 171 , -0.295943 , 5 , 3 , 2
SelfishReporter: , S_LR_354 , 172 , -0.342845 , 12 , 6 , 6
SelfishReporter: , S_LR_355 , 173 , -0.405153 , 13 , 4 , 9
SelfishReporter: , S_LR_357 , 174 , -0.286045 , 3 , 2 , 1
SelfishReporter: , S_LR_358 , 175 , -0.295189 , 17 , 12 , 5
SelfishReporter: , S_LR_359 , 176 , -0.449763 , 26 , 12 , 14
SelfishReporter: , S_LR_360 , 177 , -0.395383 , 19 , 9 , 10
SelfishReporter: , S_LR_363 , 178 , -0.337586 , 9 , 4 , 5
SelfishReporter: , S_LR_364 , 179 , -0.35904 , 17 , 9 , 8
SelfishReporter: , S_LR_365 , 180 , 0.254801 , 1 , 1 , 0
SelfishReporter: , S_LR_366 , 181 , -0.300247 , 16 , 11 , 5
SelfishReporter: , S_LR_367 , 182 , -0.392202 , 31 , 18 , 13
SelfishReporter: , S_LR_368 , 183 , 0.265964 , 2 , 2 , 0
SelfishReporter: , S_LR_370 , 184 , -0.30603 , 7 , 4 , 3
SelfishReporter: , S_LR_371 , 185 , -0.468853 , 38 , 20 , 18
SelfishReporter: , S_LR_373 , 186 , -0.295861 , 5 , 3 , 2
SelfishReporter: , S_LR_375 , 187 , -0.327052 , 7 , 3 , 4
SelfishReporter: , S_LR_376 , 188 , 0.254834 , 1 , 1 , 0
SelfishReporter: , S_LR_377 , 189 , -0.348426 , 11 , 5 , 6
SelfishReporter: , S_LR_378 , 190 , -0.30623 , 3 , 1 , 2
SelfishReporter: , S_LR_380 , 191 , -0.359438 , 13 , 6 , 7
SelfishReporter: , S_LR_381 , 192 , -0.321938 , 4 , 1 , 3
SelfishReporter: , S_LR_382 , 193 , -0.381702 , 17 , 8 , 9
SelfishReporter: , S_LR_383 , 194 , -0.296174 , 1 , 0 , 1
SelfishReporter: , S_LR_384 , 195 , -0.398473 , 26 , 14 , 12
SelfishReporter: , S_LR_385 , 196 , -0.296147 , 1 , 0 , 1
SelfishReporter: , S_LR_386 , 197 , -0.343143 , 8 , 3 , 5
SelfishReporter: , S_LR_388 , 198 , -0.311212 , 6 , 3 , 3
SelfishReporter: , S_UL_630 , 199 , -0.422054 , 22 , 10 , 12
SelfishReporter: , S_UL_631 , 200 , -0.305588 , 11 , 7 , 4
SelfishReporter: , S_UL_632 , 201 , -0.452804 , 41 , 23 , 18
SelfishReporter: , S_UL_633 , 202 , -0.310746 , 14 , 9 , 5
SelfishReporter: , S_UL_637 , 203 , -0.381067 , 25 , 14 , 11
SelfishReporter: , S_UL_640 , 204 , 0.244644 , 4 , 3 , 1
SelfishReporter: , S_UL_641 , 205 , -0.376252 , 14 , 6 , 8
SelfishReporter: , S_UL_643 , 206 , -0.301 , 4 , 2 , 2
SelfishReporter: , S_UL_644 , 207 , -0.39177 , 35 , 21 , 14
SelfishReporter: , S_UL_645 , 208 , -0.28495 , 19 , 14 , 5
SelfishReporter: , S_UL_646 , 209 , -0.399441 , 14 , 5 , 9
SelfishReporter: , S_UL_648 , 210 , -0.404633 , 21 , 10 , 11
SelfishReporter: , S_UL_652 , 211 , 0.254834 , 1 , 1 , 0
SelfishReporter: , S_UL_653 , 212 , 0.254808 , 1 , 1 , 0
SelfishReporter: , S_UL_654 , 213 , -0.342786 , 12 , 6 , 6
SelfishReporter: , S_UL_655 , 214 , -0.348365 , 11 , 5 , 6
SelfishReporter: , S_UL_656 , 215 , -0.30624 , 3 , 1 , 2
SelfishReporter: , S_UL_657 , 216 , 0.277365 , 3 , 3 , 0
SelfishReporter: , S_UL_659 , 217 , -0.290243 , 14 , 10 , 4
SelfishReporter: , S_UL_662 , 218 , -0.32072 , 20 , 13 , 7
SelfishReporter: , S_UL_663 , 219 , -0.304665 , 27 , 19 , 8
SelfishReporter: , S_UL_664 , 220 , -0.296156 , 1 , 0 , 1
SelfishReporter: , S_UL_665 , 221 , -0.305961 , 7 , 4 , 3
SelfishReporter: , S_UL_668 , 222 , -0.325276 , 31 , 21 , 10
SelfishReporter: , S_UL_669 , 223 , -0.296155 , 1 , 0 , 1
SelfishReporter: , S_UL_670 , 224 , -0.335598 , 37 , 25 , 12
SelfishReporter: , S_UL_671 , 225 , -0.311156 , 6 , 3 , 3
SelfishReporter: , S_UL_673 , 226 , -0.311229 , 6 , 3 , 3
SelfishReporter: , S_UL_674 , 227 , -0.376158 , 14 , 6 , 8
SelfishReporter: , S_UL_677 , 228 , -0.325858 , 23 , 15 , 8
SelfishReporter: , S_UL_678 , 229 , -0.291045 , 2 , 1 , 1
SelfishReporter: , S_UL_679 , 230 , -0.357593 , 37 , 24 , 13
SelfishReporter: , S_UL_680 , 231 , -0.291046 , 2 , 1 , 1
SelfishReporter: , S_UL_684 , 232 , -0.416788 , 47 , 29 , 18
SelfishReporter: , S_UL_686 , 233 , -0.285979 , 3 , 2 , 1
SelfishReporter: , S_UL_688 , 234 , -0.374989 , 30 , 18 , 12
SelfishReporter: , S_UL_689 , 235 , -0.32539 , 31 , 21 , 10
SelfishReporter: , S_UR_931 , 236 , 0.254754 , 1 , 1 , 0
SelfishReporter: , S_UR_935 , 237 , 0.244579 , 4 , 3 , 1
SelfishReporter: , S_UR_936 , 238 , -0.286002 , 3 , 2 , 1
SelfishReporter: , S_UR_938 , 239 , 0.254834 , 1 , 1 , 0
SelfishReporter: , S_UR_940 , 240 , -0.296157 , 1 , 0 , 1
SelfishReporter: , S_UR_942 , 241 , -0.295405 , 13 , 9 , 4
SelfishReporter: , S_UR_944 , 242 , -0.342798 , 12 , 6 , 6
SelfishReporter: , S_UR_949 , 243 , -0.300496 , 12 , 8 , 4
SelfishReporter: , S_UR_950 , 244 , -0.296157 , 1 , 0 , 1
SelfishReporter: , S_UR_951 , 245 , -0.296157 , 1 , 0 , 1
SelfishReporter: , S_UR_952 , 246 , 0.254802 , 1 , 1 , 0
SelfishReporter: , S_UR_957 , 247 , -0.289777 , 22 , 16 , 6
SelfishReporter: , S_UR_958 , 248 , -0.332194 , 10 , 5 , 5
SelfishReporter: , S_UR_959 , 249 , -0.31512 , 25 , 17 , 8
SelfishReporter: , S_UR_961 , 250 , 0.278392 , 11 , 9 , 2
SelfishReporter: , S_UR_962 , 251 , -0.296157 , 1 , 0 , 1
SelfishReporter: , S_UR_964 , 252 , 0.277349 , 3 , 3 , 0
SelfishReporter: , S_UR_965 , 253 , -0.286002 , 3 , 2 , 1
SelfishReporter: , S_UR_966 , 254 , -0.295478 , 13 , 9 , 4
SelfishReporter: , S_UR_967 , 255 , -0.301094 , 4 , 2 , 2
SelfishReporter: , S_UR_969 , 256 , -0.291061 , 2 , 1 , 1
SelfishReporter: , S_UR_971 , 257 , -0.337105 , 17 , 10 , 7
SelfishReporter: , S_UR_972 , 258 , 0.254802 , 1 , 1 , 0
SelfishReporter: , S_UR_973 , 259 , -0.286016 , 3 , 2 , 1
SelfishReporter: , S_UR_974 , 260 , -0.289555 , 26 , 19 , 7
SelfishReporter: , S_UR_975 , 261 , -0.296157 , 1 , 0 , 1
SelfishReporter: , S_UR_976 , 262 , -0.296157 , 1 , 0 , 1
SelfishReporter: , S_UR_977 , 263 , 0.255403 , 5 , 4 , 1
SelfishReporter: , S_UR_979 , 264 , 0.278378 , 11 , 9 , 2
SelfishReporter: , S_UR_980 , 265 , 0.301684 , 9 , 8 , 1
SelfishReporter: , S_UR_982 , 266 , 0.254818 , 1 , 1 , 0
SelfishReporter: , S_UR_983 , 267 , -0.295395 , 13 , 9 , 4
SelfishReporter: , S_UR_984 , 268 , 0.254818 , 1 , 1 , 0
SelfishReporter: , S_UR_985 , 269 , -0.296157 , 1 , 0 , 1
SelfishReporter: , S_UR_986 , 270 , -0.363857 , 28 , 17 , 11
SelfishReporter: , S_UR_989 , 271 , 0.277331 , 3 , 3 , 0
HonestReporter: , H_LL_90 , 272 , 0.528496 , 26 , 26 , 0
HonestReporter: , H_LL_91 , 273 , 0.876183 , 58 , 58 , 0
HonestReporter: , H_LL_92 , 274 , 0.828387 , 49 , 49 , 0
HonestReporter: , H_LL_93 , 275 , 0.749516 , 40 , 40 , 0
HonestReporter: , H_LL_94 , 276 , 0.801813 , 56 , 56 , 0
HonestReporter: , H_LL_95 , 277 , 0.833882 , 52 , 52 , 0
HonestReporter: , H_LL_96 , 278 , 0.844387 , 53 , 53 , 0
HonestReporter: , H_LL_97 , 279 , 0.852221 , 56 , 56 , 0
HonestReporter: , H_LL_98 , 280 , 0.800164 , 60 , 60 , 0
HonestReporter: , H_LL_99 , 281 , 0.874309 , 57 , 57 , 0
HonestReporter: , H_LL_100 , 282 , 0.71491 , 37 , 37 , 0
HonestReporter: , H_LL_101 , 283 , 0.416663 , 14 , 14 , 0
HonestReporter: , H_LL_102 , 284 , 0.716023 , 38 , 38 , 0
HonestReporter: , H_LL_103 , 285 , 0.751014 , 41 , 41 , 0
HonestReporter: , H_LL_104 , 286 , 0.865898 , 53 , 53 , 0
HonestReporter: , H_LL_105 , 287 , 0.864976 , 58 , 58 , 0
HonestReporter: , H_LL_106 , 288 , 0.790886 , 51 , 51 , 0
HonestReporter: , H_LL_107 , 289 , 0.723 , 40 , 40 , 0
HonestReporter: , H_LL_108 , 290 , 0.36875 , 16 , 16 , 0
HonestReporter: , H_LL_109 , 291 , 0.907088 , 65 , 65 , 0
HonestReporter: , H_LL_110 , 292 , 0.839168 , 53 , 53 , 0
HonestReporter: , H_LL_111 , 293 , 0.797114 , 45 , 45 , 0
HonestReporter: , H_LL_112 , 294 , 0.907939 , 65 , 65 , 0
HonestReporter: , H_LL_113 , 295 , 0.762588 , 44 , 44 , 0
HonestReporter: , H_LL_114 , 296 , 0.672425 , 37 , 37 , 0
HonestReporter: , H_LL_115 , 297 , 0.805081 , 47 , 47 , 0
HonestReporter: , H_LL_116 , 298 , 0.723284 , 38 , 38 , 0
HonestReporter: , H_LL_117 , 299 , 0.860175 , 53 , 53 , 0
HonestReporter: , H_LL_118 , 300 , -0.36981 , 56 , 56 , 0
HonestReporter: , H_LL_119 , 301 , 0.688145 , 35 , 35 , 0
HonestReporter: , H_LL_120 , 302 , 0.846035 , 52 , 52 , 0
HonestReporter: , H_LL_121 , 303 , 0.71447 , 41 , 41 , 0
HonestReporter: , H_LL_122 , 304 , 0.510131 , 23 , 23 , 0
HonestReporter: , H_LL_123 , 305 , 0.624712 , 37 , 37 , 0
HonestReporter: , H_LL_124 , 306 , 0.893433 , 66 , 66 , 0
HonestReporter: , H_LL_125 , 307 , 0.912883 , 69 , 69 , 0
HonestReporter: , H_LL_126 , 308 , 0.31277 , 6 , 6 , 0
HonestReporter: , H_LL_127 , 309 , 0.819667 , 51 , 51 , 0
HonestReporter: , H_LL_128 , 310 , 0.349743 , 45 , 45 , 0
HonestReporter: , H_LL_129 , 311 , 0.811948 , 56 , 56 , 0
HonestReporter: , H_LL_130 , 312 , 0.741024 , 41 , 41 , 0
HonestReporter: , H_LL_131 , 313 , 0.386074 , 17 , 17 , 0
HonestReporter: , H_LL_132 , 314 , 0.870843 , 60 , 60 , 0
HonestReporter: , H_LL_133 , 315 , 0.907352 , 65 , 65 , 0
HonestReporter: , H_LL_134 , 316 , 0.915189 , 67 , 67 , 0
HonestReporter: , H_LL_135 , 317 , 0.697849 , 51 , 51 , 0
HonestReporter: , H_LL_136 , 318 , 0.589635 , 32 , 32 , 0
HonestReporter: , H_LL_137 , 319 , 0.856362 , 52 , 52 , 0
HonestReporter: , H_LL_138 , 320 , 0.793539 , 47 , 47 , 0
HonestReporter: , H_LL_139 , 321 , 0.869872 , 58 , 58 , 0
HonestReporter: , H_LL_140 , 322 , 0.58742 , 29 , 29 , 0
HonestReporter: , H_LL_141 , 323 , 0.678535 , 34 , 34 , 0
HonestReporter: , H_LL_142 , 324 , 0.420519 , 15 , 15 , 0
HonestReporter: , H_LL_143 , 325 , 0.846497 , 54 , 54 , 0
HonestReporter: , H_LL_144 , 326 , 0.756513 , 40 , 40 , 0
HonestReporter: , H_LL_145 , 327 , 0.613488 , 54 , 54 , 0
HonestReporter: , H_LL_146 , 328 , 0.846369 , 53 , 53 , 0
HonestReporter: , H_LL_147 , 329 , 0.835503 , 56 , 56 , 0
HonestReporter: , H_LL_148 , 330 , 0.765788 , 46 , 46 , 0
HonestReporter: , H_LL_149 , 331 , 0.514387 , 22 , 22 , 0
HonestReporter: , H_LL_150 , 332 , 0.807989 , 49 , 49 , 0
HonestReporter: , H_LL_151 , 333 , 0.76987 , 45 , 45 , 0
HonestReporter: , H_LL_152 , 334 , 0.318631 , 36 , 36 , 0
HonestReporter: , H_LL_153 , 335 , 0.855764 , 53 , 53 , 0
HonestReporter: , H_LL_154 , 336 , 0.441932 , 16 , 16 , 0
HonestReporter: , H_LL_155 , 337 , 0.878936 , 60 , 60 , 0
HonestReporter: , H_LL_156 , 338 , 0.89925 , 61 , 61 , 0
HonestReporter: , H_LL_157 , 339 , 0.783094 , 45 , 45 , 0
HonestReporter: , H_LL_158 , 340 , 0.769567 , 45 , 45 , 0
HonestReporter: , H_LL_159 , 341 , 0.827005 , 51 , 51 , 0
HonestReporter: , H_LL_160 , 342 , 0.786181 , 62 , 62 , 0
HonestReporter: , H_LL_161 , 343 , 0.668392 , 34 , 34 , 0
HonestReporter: , H_LL_162 , 344 , 0.587243 , 29 , 29 , 0
HonestReporter: , H_LL_163 , 345 , 0.56077 , 25 , 25 , 0
HonestReporter: , H_LL_164 , 346 , 0.615508 , 30 , 30 , 0
HonestReporter: , H_LL_165 , 347 , 0.892366 , 59 , 59 , 0
HonestReporter: , H_LL_166 , 348 , 0.602364 , 29 , 29 , 0
HonestReporter: , H_LL_167 , 349 , 0.63589 , 44 , 44 , 0
HonestReporter: , H_LL_168 , 350 , 0.83099 , 52 , 52 , 0
HonestReporter: , H_LL_169 , 351 , 0.813608 , 51 , 51 , 0
HonestReporter: , H_LL_170 , 352 , 0.799853 , 48 , 48 , 0
HonestReporter: , H_LL_171 , 353 , 0.805371 , 50 , 50 , 0
HonestReporter: , H_LL_172 , 354 , 0.515591 , 40 , 40 , 0
HonestReporter: , H_LL_173 , 355 , 0.421173 , 30 , 30 , 0
HonestReporter: , H_LL_174 , 356 , 0.815606 , 52 , 52 , 0
HonestReporter: , H_LL_175 , 357 , 0.321178 , 44 , 44 , 0
HonestReporter: , H_LL_176 , 358 , 0.862184 , 55 , 55 , 0
HonestReporter: , H_LL_177 , 359 , 0.821639 , 53 , 53 , 0
HonestReporter: , H_LL_178 , 360 , 0.893984 , 60 , 60 , 0
HonestReporter: , H_LL_179 , 361 , 0.436948 , 58 , 58 , 0
HonestReporter: , H_LL_180 , 362 , 0.554445 , 36 , 36 , 0
HonestReporter: , H_LL_181 , 363 , 0.76812 , 46 , 46 , 0
HonestReporter: , H_LL_182 , 364 , 0.694137 , 37 , 37 , 0
HonestReporter: , H_LL_183 , 365 , 0.849169 , 54 , 54 , 0
HonestReporter: , H_LL_184 , 366 , 0.478494 , 19 , 19 , 0
HonestReporter: , H_LL_185 , 367 , 0.540904 , 26 , 26 , 0
HonestReporter: , H_LL_186 , 368 , 0.751676 , 41 , 41 , 0
HonestReporter: , H_LL_187 , 369 , 0.825955 , 50 , 50 , 0
HonestReporter: , H_LL_188 , 370 , 0.486467 , 40 , 40 , 0
HonestReporter: , H_LL_189 , 371 , 0.759101 , 55 , 55 , 0
HonestReporter: , H_LL_190 , 372 , 0.716137 , 40 , 40 , 0
HonestReporter: , H_LL_191 , 373 , 0.447029 , 17 , 17 , 0
HonestReporter: , H_LL_192 , 374 , 0.876992 , 59 , 59 , 0
HonestReporter: , H_LL_193 , 375 , 0.546898 , 36 , 36 , 0
HonestReporter: , H_LL_194 , 376 , -0.34441 , 59 , 59 , 0
HonestReporter: , H_LL_195 , 377 , 0.746525 , 43 , 43 , 0
HonestReporter: , H_LL_196 , 378 , 0.543983 , 24 , 24 , 0
HonestReporter: , H_LL_197 , 379 , 0.870423 , 58 , 58 , 0
HonestReporter: , H_LL_198 , 380 , 0.90276 , 62 , 62 , 0
HonestReporter: , H_LL_199 , 381 , 0.724634 , 39 , 39 , 0
HonestReporter: , H_LL_200 , 382 , 0.877129 , 60 , 60 , 0
HonestReporter: , H_LL_201 , 383 , 0.888257 , 60 , 60 , 0
HonestReporter: , H_LL_202 , 384 , 0.572462 , 27 , 27 , 0
HonestReporter: , H_LL_203 , 385 , 0.884338 , 58 , 58 , 0
HonestReporter: , H_LL_204 , 386 , 0.702838 , 62 , 62 , 0
HonestReporter: , H_LL_205 , 387 , 0.839107 , 53 , 53 , 0
HonestReporter: , H_LL_206 , 388 , 0.671523 , 58 , 58 , 0
HonestReporter: , H_LL_207 , 389 , 0.599829 , 27 , 27 , 0
HonestReporter: , H_LL_208 , 390 , 0.791383 , 62 , 62 , 0
HonestReporter: , H_LL_209 , 391 , 0.715545 , 39 , 39 , 0
HonestReporter: , H_LL_210 , 392 , 0.863234 , 56 , 56 , 0
HonestReporter: , H_LL_211 , 393 , 0.751406 , 41 , 41 , 0
HonestReporter: , H_LL_212 , 394 , 0.915181 , 65 , 65 , 0
HonestReporter: , H_LL_213 , 395 , 0.734153 , 39 , 39 , 0
HonestReporter: , H_LL_214 , 396 , 0.772792 , 52 , 52 , 0
HonestReporter: , H_LL_215 , 397 , 0.66842 , 42 , 42 , 0
HonestReporter: , H_LL_216 , 398 , 0.460437 , 18 , 18 , 0
HonestReporter: , H_LL_217 , 399 , 0.710955 , 39 , 39 , 0
HonestReporter: , H_LL_218 , 400 , 0.869247 , 59 , 59 , 0
HonestReporter: , H_LL_219 , 401 , 0.680712 , 41 , 41 , 0
HonestReporter: , H_LL_220 , 402 , 0.644685 , 32 , 32 , 0
HonestReporter: , H_LL_221 , 403 , 0.470962 , 18 , 18 , 0
HonestReporter: , H_LL_222 , 404 , 0.686667 , 36 , 36 , 0
HonestReporter: , H_LL_223 , 405 , 0.616925 , 29 , 29 , 0
HonestReporter: , H_LL_224 , 406 , 0.760609 , 44 , 44 , 0
HonestReporter: , H_LL_225 , 407 , 0.735525 , 39 , 39 , 0
HonestReporter: , H_LL_226 , 408 , 0.350643 , 9 , 9 , 0
HonestReporter: , H_LL_227 , 409 , 0.88487 , 60 , 60 , 0
HonestReporter: , H_LL_228 , 410 , 0.88917 , 62 , 62 , 0
HonestReporter: , H_LL_229 , 411 , 0.458294 , 31 , 31 , 0
HonestReporter: , H_LL_230 , 412 , 0.706778 , 39 , 39 , 0
HonestReporter: , H_LL_231 , 413 , -0.377271 , 49 , 49 , 0
HonestReporter: , H_LL_232 , 414 , 0.622059 , 29 , 29 , 0
HonestReporter: , H_LL_233 , 415 , 0.900365 , 60 , 60 , 0
HonestReporter: , H_LL_234 , 416 , 0.300871 , 57 , 57 , 0
HonestReporter: , H_LL_235 , 417 , 0.823713 , 56 , 56 , 0
HonestReporter: , H_LL_236 , 418 , 0.890639 , 62 , 62 , 0
HonestReporter: , H_LL_237 , 419 , 0.665617 , 37 , 37 , 0
HonestReporter: , H_LL_238 , 420 , 0.807406 , 48 , 48 , 0
HonestReporter: , H_LL_239 , 421 , 0.665207 , 69 , 69 , 0
HonestReporter: , H_LL_240 , 422 , 0.843458 , 55 , 55 , 0
HonestReporter: , H_LL_241 , 423 , 0.588686 , 55 , 55 , 0
HonestReporter: , H_LL_242 , 424 , 0.822796 , 48 , 48 , 0
HonestReporter: , H_LL_243 , 425 , 0.873792 , 58 , 58 , 0
HonestReporter: , H_LL_244 , 426 , 0.665898 , 35 , 35 , 0
HonestReporter: , H_LL_245 , 427 , 0.752958 , 40 , 40 , 0
HonestReporter: , H_LL_246 , 428 , 0.858621 , 62 , 62 , 0
HonestReporter: , H_LL_247 , 429 , 0.85597 , 53 , 53 , 0
HonestReporter: , H_LL_248 , 430 , 0.811018 , 51 , 51 , 0
HonestReporter: , H_LL_249 , 431 , 0.387103 , 12 , 12 , 0
HonestReporter: , H_LL_250 , 432 , 0.516586 , 49 , 49 , 0
HonestReporter: , H_LL_251 , 433 , 0.789282 , 45 , 45 , 0
HonestReporter: , H_LL_252 , 434 , 0.772342 , 45 , 45 , 0
HonestReporter: , H_LL_253 , 435 , 0.873125 , 59 , 59 , 0
HonestReporter: , H_LL_254 , 436 , 0.42905 , 52 , 52 , 0
HonestReporter: , H_LL_255 , 437 , 0.827165 , 52 , 52 , 0
HonestReporter: , H_LL_256 , 438 , 0.784968 , 48 , 48 , 0
HonestReporter: , H_LL_257 , 439 , 0.596771 , 29 , 29 , 0
HonestReporter: , H_LL_258 , 440 , 0.500276 , 21 , 21 , 0
HonestReporter: , H_LL_259 , 441 , 0.799108 , 49 , 49 , 0
HonestReporter: , H_LL_260 , 442 , 0.594348 , 28 , 28 , 0
HonestReporter: , H_LL_261 , 443 , 0.815565 , 61 , 61 , 0
HonestReporter: , H_LL_262 , 444 , -0.320784 , 52 , 52 , 0
HonestReporter: , H_LL_263 , 445 , 0.53817 , 48 , 48 , 0
HonestReporter: , H_LL_264 , 446 , 0.807496 , 47 , 47 , 0
HonestReporter: , H_LL_265 , 447 , 0.520947 , 51 , 51 , 0
HonestReporter: , H_LL_266 , 448 , 0.277186 , 37 , 37 , 0
HonestReporter: , H_LL_267 , 449 , 0.701485 , 37 , 37 , 0
HonestReporter: , H_LL_268 , 450 , 0.734346 , 50 , 50 , 0
HonestReporter: , H_LL_269 , 451 , 0.601739 , 29 , 29 , 0
HonestReporter: , H_LL_270 , 452 , 0.775235 , 45 , 45 , 0
HonestReporter: , H_LL_271 , 453 , 0.815172 , 47 , 47 , 0
HonestReporter: , H_LL_272 , 454 , 0.777943 , 45 , 45 , 0
HonestReporter: , H_LL_273 , 455 , 0.874427 , 60 , 60 , 0
HonestReporter: , H_LL_274 , 456 , 0.712935 , 38 , 38 , 0
HonestReporter: , H_LL_275 , 457 , 0.83277 , 52 , 52 , 0
HonestReporter: , H_LL_276 , 458 , 0.823842 , 51 , 51 , 0
HonestReporter: , H_LL_277 , 459 , 0.839007 , 51 , 51 , 0
HonestReporter: , H_LL_278 , 460 , 0.767822 , 44 , 44 , 0
HonestReporter: , H_LL_279 , 461 , 0.869929 , 54 , 54 , 0
HonestReporter: , H_LL_280 , 462 , 0.614628 , 34 , 34 , 0
HonestReporter: , H_LL_281 , 463 , 0.71375 , 43 , 43 , 0
HonestReporter: , H_LL_282 , 464 , 0.636275 , 63 , 63 , 0
HonestReporter: , H_LL_283 , 465 , 0.874533 , 59 , 59 , 0
HonestReporter: , H_LL_284 , 466 , 0.891901 , 60 , 60 , 0
HonestReporter: , H_LL_285 , 467 , 0.823725 , 54 , 54 , 0
HonestReporter: , H_LL_286 , 468 , 0.698578 , 61 , 61 , 0
HonestReporter: , H_LL_287 , 469 , 0.825651 , 52 , 52 , 0
HonestReporter: , H_LL_288 , 470 , 0.839843 , 55 , 55 , 0
HonestReporter: , H_LL_289 , 471 , 0.828165 , 53 , 53 , 0
HonestReporter: , H_LL_290 , 472 , 0.66576 , 33 , 33 , 0
HonestReporter: , H_LL_291 , 473 , 0.805225 , 48 , 48 , 0
HonestReporter: , H_LL_292 , 474 , 0.841781 , 53 , 53 , 0
HonestReporter: , H_LL_293 , 475 , 0.769375 , 45 , 45 , 0
HonestReporter: , H_LL_294 , 476 , 0.882601 , 59 , 59 , 0
HonestReporter: , H_LL_295 , 477 , 0.82275 , 50 , 50 , 0
HonestReporter: , H_LL_296 , 478 , 0.558229 , 45 , 45 , 0
HonestReporter: , H_LL_297 , 479 , 0.555859 , 24 , 24 , 0
HonestReporter: , H_LL_298 , 480 , 0.565941 , 35 , 35 , 0
HonestReporter: , H_LL_299 , 481 , 0.576432 , 26 , 26 , 0
HonestReporter: , H_LR_390 , 482 , 0.265855 , 2 , 2 , 0
HonestReporter: , H_LR_391 , 483 , 0.277198 , 3 , 3 , 0
HonestReporter: , H_LR_392 , 484 , 0.265855 , 2 , 2 , 0
HonestReporter: , H_LR_394 , 485 , 0.265798 , 2 , 2 , 0
HonestReporter: , H_LR_395 , 486 , 0.351463 , 9 , 9 , 0
HonestReporter: , H_LR_397 , 487 , 0.288867 , 4 , 4 , 0
HonestReporter: , H_LR_398 , 488 , 0.254833 , 1 , 1 , 0
HonestReporter: , H_LR_399 , 489 , 0.277383 , 3 , 3 , 0
HonestReporter: , H_LR_400 , 490 , 0.377526 , 11 , 11 , 0
HonestReporter: , H_LR_402 , 491 , 0.828696 , 48 , 48 , 0
HonestReporter: , H_LR_403 , 492 , 0.277364 , 3 , 3 , 0
HonestReporter: , H_LR_404 , 493 , 0.254833 , 1 , 1 , 0
HonestReporter: , H_LR_406 , 494 , 0.288831 , 4 , 4 , 0
HonestReporter: , H_LR_407 , 495 , 0.301014 , 5 , 5 , 0
HonestReporter: , H_LR_408 , 496 , 0.265964 , 2 , 2 , 0
HonestReporter: , H_LR_409 , 497 , 0.33843 , 8 , 8 , 0
HonestReporter: , H_LR_410 , 498 , 0.350696 , 9 , 9 , 0
HonestReporter: , H_LR_411 , 499 , 0.534059 , 22 , 22 , 0
HonestReporter: , H_LR_412 , 500 , 0.301073 , 5 , 5 , 0
HonestReporter: , H_LR_413 , 501 , 0.338467 , 8 , 8 , 0
HonestReporter: , H_LR_415 , 502 , 0.5989 , 28 , 28 , 0
HonestReporter: , H_LR_416 , 503 , 0.590882 , 26 , 26 , 0
HonestReporter: , H_LR_417 , 504 , 0.338609 , 8 , 8 , 0
HonestReporter: , H_LR_418 , 505 , 0.28915 , 4 , 4 , 0
HonestReporter: , H_LR_419 , 506 , 0.53431 , 22 , 22 , 0
HonestReporter: , H_LR_420 , 507 , 0.600142 , 27 , 27 , 0
HonestReporter: , H_LR_421 , 508 , 0.448001 , 16 , 16 , 0
HonestReporter: , H_LR_422 , 509 , 0.254833 , 1 , 1 , 0
HonestReporter: , H_LR_423 , 510 , 0.704067 , 35 , 35 , 0
HonestReporter: , H_LR_424 , 511 , 0.485234 , 19 , 19 , 0
HonestReporter: , H_LR_425 , 512 , 0.462361 , 17 , 17 , 0
HonestReporter: , H_LR_426 , 513 , 0.300962 , 5 , 5 , 0
HonestReporter: , H_LR_430 , 514 , 0.277383 , 3 , 3 , 0
HonestReporter: , H_LR_431 , 515 , 0.338505 , 8 , 8 , 0
HonestReporter: , H_LR_432 , 516 , 0.289018 , 4 , 4 , 0
HonestReporter: , H_LR_433 , 517 , 0.277194 , 3 , 3 , 0
HonestReporter: , H_LR_434 , 518 , 0.265964 , 2 , 2 , 0
HonestReporter: , H_LR_435 , 519 , 0.254833 , 1 , 1 , 0
HonestReporter: , H_LR_437 , 520 , 0.325648 , 7 , 7 , 0
HonestReporter: , H_LR_438 , 521 , 0.312835 , 6 , 6 , 0
HonestReporter: , H_LR_439 , 522 , 0.254801 , 1 , 1 , 0
HonestReporter: , H_LR_441 , 523 , 0.325848 , 7 , 7 , 0
HonestReporter: , H_LR_443 , 524 , 0.254833 , 1 , 1 , 0
HonestReporter: , H_LR_444 , 525 , 0.277287 , 3 , 3 , 0
HonestReporter: , H_LR_445 , 526 , 0.265964 , 2 , 2 , 0
HonestReporter: , H_LR_447 , 527 , 0.392008 , 12 , 12 , 0
HonestReporter: , H_LR_449 , 528 , 0.433806 , 15 , 15 , 0
HonestReporter: , H_LR_450 , 529 , 0.265964 , 2 , 2 , 0
HonestReporter: , H_LR_451 , 530 , 0.265802 , 2 , 2 , 0
HonestReporter: , H_LR_452 , 531 , 0.313229 , 6 , 6 , 0
HonestReporter: , H_LR_453 , 532 , 0.265843 , 2 , 2 , 0
HonestReporter: , H_LR_454 , 533 , 0.254833 , 1 , 1 , 0
HonestReporter: , H_LR_455 , 534 , 0.265964 , 2 , 2 , 0
HonestReporter: , H_LR_456 , 535 , 0.277383 , 3 , 3 , 0
HonestReporter: , H_LR_457 , 536 , 0.52004 , 21 , 21 , 0
HonestReporter: , H_LR_458 , 537 , 0.571699 , 25 , 25 , 0
HonestReporter: , H_LR_459 , 538 , 0.585111 , 26 , 26 , 0
HonestReporter: , H_LR_462 , 539 , 0.254834 , 1 , 1 , 0
HonestReporter: , H_LR_464 , 540 , 0.277287 , 3 , 3 , 0
HonestReporter: , H_LR_465 , 541 , 0.277383 , 3 , 3 , 0
HonestReporter: , H_LR_466 , 542 , 0.277194 , 3 , 3 , 0
HonestReporter: , H_LR_467 , 543 , 0.485997 , 19 , 19 , 0
HonestReporter: , H_LR_468 , 544 , 0.338388 , 8 , 8 , 0
HonestReporter: , H_LR_469 , 545 , 0.277383 , 3 , 3 , 0
HonestReporter: , H_LR_470 , 546 , 0.265964 , 2 , 2 , 0
HonestReporter: , H_LR_471 , 547 , 0.338531 , 8 , 8 , 0
HonestReporter: , H_LR_473 , 548 , 0.265964 , 2 , 2 , 0
HonestReporter: , H_LR_475 , 549 , 0.265855 , 2 , 2 , 0
HonestReporter: , H_LR_476 , 550 , 0.265964 , 2 , 2 , 0
HonestReporter: , H_LR_477 , 551 , 0.289029 , 4 , 4 , 0
HonestReporter: , H_LR_478 , 552 , 0.313162 , 6 , 6 , 0
HonestReporter: , H_LR_480 , 553 , 0.265964 , 2 , 2 , 0
HonestReporter: , H_LR_481 , 554 , 0.254833 , 1 , 1 , 0
HonestReporter: , H_LR_482 , 555 , 0.288831 , 4 , 4 , 0
HonestReporter: , H_LR_483 , 556 , 0.254833 , 1 , 1 , 0
HonestReporter: , H_LR_484 , 557 , 0.491212 , 19 , 19 , 0
HonestReporter: , H_LR_485 , 558 , 0.277364 , 3 , 3 , 0
HonestReporter: , H_LR_486 , 559 , 0.265964 , 2 , 2 , 0
HonestReporter: , H_LR_487 , 560 , 0.618585 , 28 , 28 , 0
HonestReporter: , H_LR_488 , 561 , 0.462268 , 17 , 17 , 0
HonestReporter: , H_LR_489 , 562 , 0.265964 , 2 , 2 , 0
HonestReporter: , H_LR_490 , 563 , 0.433769 , 15 , 15 , 0
HonestReporter: , H_LR_491 , 564 , 0.351593 , 9 , 9 , 0
HonestReporter: , H_LR_492 , 565 , 0.254833 , 1 , 1 , 0
HonestReporter: , H_LR_497 , 566 , 0.590765 , 26 , 26 , 0
HonestReporter: , H_LR_498 , 567 , 0.632013 , 29 , 29 , 0
HonestReporter: , H_LR_499 , 568 , 0.26593 , 2 , 2 , 0
HonestReporter: , H_LR_500 , 569 , 0.325333 , 7 , 7 , 0
HonestReporter: , H_LR_501 , 570 , 0.462322 , 17 , 17 , 0
HonestReporter: , H_LR_502 , 571 , 0.746457 , 40 , 40 , 0
HonestReporter: , H_LR_503 , 572 , 0.313198 , 6 , 6 , 0
HonestReporter: , H_LR_505 , 573 , 0.364773 , 10 , 10 , 0
HonestReporter: , H_LR_506 , 574 , 0.277383 , 3 , 3 , 0
HonestReporter: , H_LR_507 , 575 , 0.631818 , 29 , 29 , 0
HonestReporter: , H_LR_508 , 576 , 0.254834 , 1 , 1 , 0
HonestReporter: , H_LR_509 , 577 , 0.254833 , 1 , 1 , 0
HonestReporter: , H_LR_510 , 578 , 0.447982 , 16 , 16 , 0
HonestReporter: , H_LR_511 , 579 , 0.704194 , 35 , 35 , 0
HonestReporter: , H_LR_512 , 580 , 0.792966 , 44 , 44 , 0
HonestReporter: , H_LR_513 , 581 , 0.277194 , 3 , 3 , 0
HonestReporter: , H_LR_515 , 582 , 0.378268 , 11 , 11 , 0
HonestReporter: , H_LR_518 , 583 , 0.548594 , 23 , 23 , 0
HonestReporter: , H_LR_519 , 584 , 0.277287 , 3 , 3 , 0
HonestReporter: , H_LR_520 , 585 , 0.822383 , 49 , 49 , 0
HonestReporter: , H_LR_521 , 586 , 0.378164 , 11 , 11 , 0
HonestReporter: , H_LR_523 , 587 , 0.505274 , 20 , 20 , 0
HonestReporter: , H_LR_524 , 588 , 0.265964 , 2 , 2 , 0
HonestReporter: , H_LR_525 , 589 , 0.289029 , 4 , 4 , 0
HonestReporter: , H_LR_526 , 590 , 0.288962 , 4 , 4 , 0
HonestReporter: , H_LR_527 , 591 , 0.364863 , 10 , 10 , 0
HonestReporter: , H_LR_528 , 592 , 0.254833 , 1 , 1 , 0
HonestReporter: , H_LR_529 , 593 , 0.254833 , 1 , 1 , 0
HonestReporter: , H_LR_530 , 594 , 0.277383 , 3 , 3 , 0
HonestReporter: , H_LR_533 , 595 , 0.31316 , 6 , 6 , 0
HonestReporter: , H_LR_534 , 596 , 0.254833 , 1 , 1 , 0
HonestReporter: , H_LR_535 , 597 , 0.301079 , 5 , 5 , 0
HonestReporter: , H_LR_536 , 598 , 0.277383 , 3 , 3 , 0
HonestReporter: , H_LR_539 , 599 , 0.433712 , 15 , 15 , 0
HonestReporter: , H_LR_540 , 600 , 0.404545 , 13 , 13 , 0
HonestReporter: , H_LR_541 , 601 , 0.265964 , 2 , 2 , 0
HonestReporter: , H_LR_542 , 602 , 0.419403 , 14 , 14 , 0
HonestReporter: , H_LR_543 , 603 , 0.338508 , 8 , 8 , 0
HonestReporter: , H_LR_544 , 604 , 0.391756 , 12 , 12 , 0
HonestReporter: , H_LR_546 , 605 , 0.491173 , 19 , 19 , 0
HonestReporter: , H_LR_547 , 606 , 0.265964 , 2 , 2 , 0
HonestReporter: , H_LR_548 , 607 , 0.30079 , 5 , 5 , 0
HonestReporter: , H_LR_549 , 608 , 0.277198 , 3 , 3 , 0
HonestReporter: , H_LR_551 , 609 , 0.265964 , 2 , 2 , 0
HonestReporter: , H_LR_552 , 610 , 0.254833 , 1 , 1 , 0
HonestReporter: , H_LR_553 , 611 , 0.26593 , 2 , 2 , 0
HonestReporter: , H_LR_555 , 612 , 0.363556 , 10 , 10 , 0
HonestReporter: , H_LR_556 , 613 , 0.325295 , 7 , 7 , 0
HonestReporter: , H_LR_557 , 614 , 0.31319 , 6 , 6 , 0
HonestReporter: , H_LR_558 , 615 , 0.338538 , 8 , 8 , 0
HonestReporter: , H_LR_559 , 616 , 0.432649 , 15 , 15 , 0
HonestReporter: , H_LR_560 , 617 , 0.277194 , 3 , 3 , 0
HonestReporter: , H_LR_561 , 618 , 0.589313 , 27 , 27 , 0
HonestReporter: , H_LR_562 , 619 , 0.265964 , 2 , 2 , 0
HonestReporter: , H_LR_563 , 620 , 0.518723 , 21 , 21 , 0
HonestReporter: , H_LR_564 , 621 , 0.351594 , 9 , 9 , 0
HonestReporter: , H_LR_565 , 622 , 0.254833 , 1 , 1 , 0
HonestReporter: , H_LR_567 , 623 , 0.265964 , 2 , 2 , 0
HonestReporter: , H_LR_569 , 624 , 0.300958 , 5 , 5 , 0
HonestReporter: , H_LR_570 , 625 , 0.277383 , 3 , 3 , 0
HonestReporter: , H_LR_572 , 626 , 0.289029 , 4 , 4 , 0
HonestReporter: , H_LR_573 , 627 , 0.405645 , 13 , 13 , 0
HonestReporter: , H_LR_574 , 628 , 0.265964 , 2 , 2 , 0
HonestReporter: , H_LR_575 , 629 , 0.254834 , 1 , 1 , 0
HonestReporter: , H_LR_576 , 630 , 0.39164 , 12 , 12 , 0
HonestReporter: , H_LR_577 , 631 , 0.44812 , 16 , 16 , 0
HonestReporter: , H_LR_578 , 632 , 0.265964 , 2 , 2 , 0
HonestReporter: , H_LR_579 , 633 , 0.391716 , 12 , 12 , 0
HonestReporter: , H_LR_580 , 634 , 0.265964 , 2 , 2 , 0
HonestReporter: , H_LR_581 , 635 , 0.716128 , 37 , 37 , 0
HonestReporter: , H_LR_583 , 636 , 0.288926 , 4 , 4 , 0
HonestReporter: , H_LR_584 , 637 , 0.600033 , 28 , 28 , 0
HonestReporter: , H_LR_586 , 638 , 0.254834 , 1 , 1 , 0
HonestReporter: , H_LR_587 , 639 , 0.523833 , 22 , 22 , 0
HonestReporter: , H_LR_588 , 640 , 0.548647 , 23 , 23 , 0
HonestReporter: , H_LR_589 , 641 , 0.590979 , 26 , 26 , 0
HonestReporter: , H_LR_590 , 642 , 0.405586 , 13 , 13 , 0
HonestReporter: , H_LR_591 , 643 , 0.631788 , 29 , 29 , 0
HonestReporter: , H_LR_593 , 644 , 0.277322 , 3 , 3 , 0
HonestReporter: , H_LR_594 , 645 , 0.300627 , 5 , 5 , 0
HonestReporter: , H_LR_595 , 646 , 0.378153 , 11 , 11 , 0
HonestReporter: , H_LR_597 , 647 , 0.254801 , 1 , 1 , 0
HonestReporter: , H_LR_599 , 648 , 0.265964 , 2 , 2 , 0
HonestReporter: , H_UL_690 , 649 , 0.708125 , 35 , 35 , 0
HonestReporter: , H_UL_695 , 650 , 0.351564 , 9 , 9 , 0
HonestReporter: , H_UL_696 , 651 , 0.254808 , 1 , 1 , 0
HonestReporter: , H_UL_698 , 652 , 0.289051 , 4 , 4 , 0
HonestReporter: , H_UL_699 , 653 , 0.325959 , 7 , 7 , 0
HonestReporter: , H_UL_700 , 654 , 0.391248 , 12 , 12 , 0
HonestReporter: , H_UL_701 , 655 , 0.277353 , 3 , 3 , 0
HonestReporter: , H_UL_702 , 656 , 0.390604 , 12 , 12 , 0
HonestReporter: , H_UL_703 , 657 , 0.727446 , 37 , 37 , 0
HonestReporter: , H_UL_705 , 658 , 0.447957 , 16 , 16 , 0
HonestReporter: , H_UL_706 , 659 , 0.254867 , 1 , 1 , 0
HonestReporter: , H_UL_707 , 660 , 0.301071 , 5 , 5 , 0
HonestReporter: , H_UL_709 , 661 , 0.58107 , 26 , 26 , 0
HonestReporter: , H_UL_710 , 662 , 0.254834 , 1 , 1 , 0
HonestReporter: , H_UL_711 , 663 , 0.645474 , 30 , 30 , 0
HonestReporter: , H_UL_712 , 664 , 0.265931 , 2 , 2 , 0
HonestReporter: , H_UL_713 , 665 , 0.534435 , 22 , 22 , 0
HonestReporter: , H_UL_714 , 666 , 0.671294 , 32 , 32 , 0
HonestReporter: , H_UL_715 , 667 , 0.325844 , 7 , 7 , 0
HonestReporter: , H_UL_716 , 668 , 0.534354 , 22 , 22 , 0
HonestReporter: , H_UL_717 , 669 , 0.254818 , 1 , 1 , 0
HonestReporter: , H_UL_718 , 670 , 0.313296 , 6 , 6 , 0
HonestReporter: , H_UL_721 , 671 , 0.405915 , 13 , 13 , 0
HonestReporter: , H_UL_722 , 672 , 0.289088 , 4 , 4 , 0
HonestReporter: , H_UL_723 , 673 , 0.849097 , 51 , 51 , 0
HonestReporter: , H_UL_724 , 674 , 0.787098 , 43 , 43 , 0
HonestReporter: , H_UL_725 , 675 , 0.612258 , 29 , 29 , 0
HonestReporter: , H_UL_726 , 676 , 0.289088 , 4 , 4 , 0
HonestReporter: , H_UL_727 , 677 , 0.289068 , 4 , 4 , 0
HonestReporter: , H_UL_728 , 678 , 0.265971 , 2 , 2 , 0
HonestReporter: , H_UL_729 , 679 , 0.289067 , 4 , 4 , 0
HonestReporter: , H_UL_732 , 680 , 0.351708 , 9 , 9 , 0
HonestReporter: , H_UL_734 , 681 , 0.265971 , 2 , 2 , 0
HonestReporter: , H_UL_736 , 682 , 0.301071 , 5 , 5 , 0
HonestReporter: , H_UL_738 , 683 , 0.301109 , 5 , 5 , 0
HonestReporter: , H_UL_739 , 684 , 0.72 , 36 , 36 , 0
HonestReporter: , H_UL_740 , 685 , 0.254808 , 1 , 1 , 0
HonestReporter: , H_UL_741 , 686 , 0.528857 , 22 , 22 , 0
HonestReporter: , H_UL_742 , 687 , 0.696235 , 34 , 34 , 0
HonestReporter: , H_UL_743 , 688 , 0.727108 , 37 , 37 , 0
HonestReporter: , H_UL_744 , 689 , 0.337824 , 8 , 8 , 0
HonestReporter: , H_UL_745 , 690 , 0.254818 , 1 , 1 , 0
HonestReporter: , H_UL_747 , 691 , 0.696127 , 34 , 34 , 0
HonestReporter: , H_UL_749 , 692 , 0.301129 , 5 , 5 , 0
HonestReporter: , H_UL_751 , 693 , 0.618583 , 28 , 28 , 0
HonestReporter: , H_UL_752 , 694 , 0.338663 , 8 , 8 , 0
HonestReporter: , H_UL_753 , 695 , 0.476749 , 18 , 18 , 0
HonestReporter: , H_UL_754 , 696 , 0.265903 , 2 , 2 , 0
HonestReporter: , H_UL_755 , 697 , 0.391889 , 12 , 12 , 0
HonestReporter: , H_UL_756 , 698 , 0.542862 , 23 , 23 , 0
HonestReporter: , H_UL_758 , 699 , 0.691387 , 34 , 34 , 0
HonestReporter: , H_UL_759 , 700 , 0.405704 , 13 , 13 , 0
HonestReporter: , H_UL_760 , 701 , 0.719641 , 37 , 37 , 0
HonestReporter: , H_UL_761 , 702 , 0.313334 , 6 , 6 , 0
HonestReporter: , H_UL_762 , 703 , 0.277363 , 3 , 3 , 0
HonestReporter: , H_UL_763 , 704 , 0.378449 , 11 , 11 , 0
HonestReporter: , H_UL_764 , 705 , 0.455505 , 17 , 17 , 0
HonestReporter: , H_UL_766 , 706 , 0.684098 , 33 , 33 , 0
HonestReporter: , H_UL_767 , 707 , 0.645336 , 30 , 30 , 0
HonestReporter: , H_UL_769 , 708 , 0.591 , 26 , 26 , 0
HonestReporter: , H_UL_771 , 709 , 0.523167 , 22 , 22 , 0
HonestReporter: , H_UL_772 , 710 , 0.763147 , 41 , 41 , 0
HonestReporter: , H_UL_773 , 711 , 0.82651 , 47 , 47 , 0
HonestReporter: , H_UL_774 , 712 , 0.254808 , 1 , 1 , 0
HonestReporter: , H_UL_775 , 713 , 0.254808 , 1 , 1 , 0
HonestReporter: , H_UL_776 , 714 , 0.802955 , 45 , 45 , 0
HonestReporter: , H_UL_777 , 715 , 0.455991 , 17 , 17 , 0
HonestReporter: , H_UL_778 , 716 , 0.351793 , 9 , 9 , 0
HonestReporter: , H_UL_780 , 717 , 0.548786 , 23 , 23 , 0
HonestReporter: , H_UL_781 , 718 , 0.759316 , 41 , 41 , 0
HonestReporter: , H_UL_783 , 719 , 0.338538 , 8 , 8 , 0
HonestReporter: , H_UL_784 , 720 , 0.325834 , 7 , 7 , 0
HonestReporter: , H_UL_787 , 721 , 0.71993 , 36 , 36 , 0
HonestReporter: , H_UL_788 , 722 , 0.413633 , 14 , 14 , 0
HonestReporter: , H_UL_790 , 723 , 0.289067 , 4 , 4 , 0
HonestReporter: , H_UL_791 , 724 , 0.351762 , 9 , 9 , 0
HonestReporter: , H_UL_793 , 725 , 0.645418 , 30 , 30 , 0
HonestReporter: , H_UL_794 , 726 , 0.265971 , 2 , 2 , 0
HonestReporter: , H_UL_795 , 727 , 0.254818 , 1 , 1 , 0
HonestReporter: , H_UL_796 , 728 , 0.33766 , 8 , 8 , 0
HonestReporter: , H_UL_799 , 729 , 0.448278 , 16 , 16 , 0
HonestReporter: , H_UL_800 , 730 , 0.265884 , 2 , 2 , 0
HonestReporter: , H_UL_801 , 731 , 0.265945 , 2 , 2 , 0
HonestReporter: , H_UL_802 , 732 , 0.265948 , 2 , 2 , 0
HonestReporter: , H_UL_803 , 733 , 0.31326 , 6 , 6 , 0
HonestReporter: , H_UL_804 , 734 , 0.533549 , 22 , 22 , 0
HonestReporter: , H_UL_805 , 735 , 0.288999 , 4 , 4 , 0
HonestReporter: , H_UL_807 , 736 , 0.351708 , 9 , 9 , 0
HonestReporter: , H_UL_808 , 737 , 0.378282 , 11 , 11 , 0
HonestReporter: , H_UL_810 , 738 , 0.828908 , 48 , 48 , 0
HonestReporter: , H_UL_811 , 739 , 0.448192 , 16 , 16 , 0
HonestReporter: , H_UL_814 , 740 , 0.313315 , 6 , 6 , 0
HonestReporter: , H_UL_815 , 741 , 0.301072 , 5 , 5 , 0
HonestReporter: , H_UL_816 , 742 , 0.626908 , 29 , 29 , 0
HonestReporter: , H_UL_817 , 743 , 0.671499 , 32 , 32 , 0
HonestReporter: , H_UL_818 , 744 , 0.373339 , 11 , 11 , 0
HonestReporter: , H_UL_819 , 745 , 0.254802 , 1 , 1 , 0
HonestReporter: , H_UL_820 , 746 , 0.448185 , 16 , 16 , 0
HonestReporter: , H_UL_821 , 747 , 0.491164 , 19 , 19 , 0
HonestReporter: , H_UL_822 , 748 , 0.780524 , 42 , 42 , 0
HonestReporter: , H_UL_826 , 749 , 0.338745 , 8 , 8 , 0
HonestReporter: , H_UL_827 , 750 , 0.562875 , 24 , 24 , 0
HonestReporter: , H_UL_828 , 751 , 0.505436 , 20 , 20 , 0
HonestReporter: , H_UL_829 , 752 , 0.519966 , 21 , 21 , 0
HonestReporter: , H_UL_830 , 753 , 0.400435 , 13 , 13 , 0
HonestReporter: , H_UL_831 , 754 , 0.731465 , 37 , 37 , 0
HonestReporter: , H_UL_832 , 755 , 0.534617 , 22 , 22 , 0
HonestReporter: , H_UL_833 , 756 , 0.325754 , 7 , 7 , 0
HonestReporter: , H_UL_835 , 757 , 0.277353 , 3 , 3 , 0
HonestReporter: , H_UL_836 , 758 , 0.54859 , 23 , 23 , 0
HonestReporter: , H_UL_837 , 759 , 0.57566 , 26 , 26 , 0
HonestReporter: , H_UL_838 , 760 , 0.691331 , 34 , 34 , 0
HonestReporter: , H_UL_839 , 761 , 0.254808 , 1 , 1 , 0
HonestReporter: , H_UL_840 , 762 , 0.548563 , 23 , 23 , 0
HonestReporter: , H_UL_842 , 763 , 0.300943 , 5 , 5 , 0
HonestReporter: , H_UL_843 , 764 , 0.6752 , 33 , 33 , 0
HonestReporter: , H_UL_844 , 765 , 0.377314 , 11 , 11 , 0
HonestReporter: , H_UL_847 , 766 , 0.254808 , 1 , 1 , 0
HonestReporter: , H_UL_848 , 767 , 0.364994 , 10 , 10 , 0
HonestReporter: , H_UL_850 , 768 , 0.27739 , 3 , 3 , 0
HonestReporter: , H_UL_851 , 769 , 0.392064 , 12 , 12 , 0
HonestReporter: , H_UL_854 , 770 , 0.289067 , 4 , 4 , 0
HonestReporter: , H_UL_855 , 771 , 0.433962 , 15 , 15 , 0
HonestReporter: , H_UL_856 , 772 , 0.548603 , 23 , 23 , 0
HonestReporter: , H_UL_857 , 773 , 0.753413 , 40 , 40 , 0
HonestReporter: , H_UL_858 , 774 , 0.548688 , 23 , 23 , 0
HonestReporter: , H_UL_859 , 775 , 0.562861 , 24 , 24 , 0
HonestReporter: , H_UL_861 , 776 , 0.767396 , 41 , 41 , 0
HonestReporter: , H_UL_863 , 777 , 0.351703 , 9 , 9 , 0
HonestReporter: , H_UL_864 , 778 , 0.562984 , 24 , 24 , 0
HonestReporter: , H_UL_866 , 779 , 0.337339 , 8 , 8 , 0
HonestReporter: , H_UL_867 , 780 , 0.419708 , 14 , 14 , 0
HonestReporter: , H_UL_868 , 781 , 0.708254 , 35 , 35 , 0
HonestReporter: , H_UL_869 , 782 , 0.254818 , 1 , 1 , 0
HonestReporter: , H_UL_870 , 783 , 0.419942 , 14 , 14 , 0
HonestReporter: , H_UL_871 , 784 , 0.27739 , 3 , 3 , 0
HonestReporter: , H_UL_873 , 785 , 0.671271 , 32 , 32 , 0
HonestReporter: , H_UL_874 , 786 , 0.448125 , 16 , 16 , 0
HonestReporter: , H_UL_875 , 787 , 0.338711 , 8 , 8 , 0
HonestReporter: , H_UL_876 , 788 , 0.455905 , 17 , 17 , 0
HonestReporter: , H_UL_877 , 789 , 0.760006 , 40 , 40 , 0
HonestReporter: , H_UL_878 , 790 , 0.265884 , 2 , 2 , 0
HonestReporter: , H_UL_879 , 791 , 0.48458 , 19 , 19 , 0
HonestReporter: , H_UL_882 , 792 , 0.462086 , 17 , 17 , 0
HonestReporter: , H_UL_884 , 793 , 0.391994 , 12 , 12 , 0
HonestReporter: , H_UL_885 , 794 , 0.265971 , 2 , 2 , 0
HonestReporter: , H_UL_886 , 795 , 0.78692 , 43 , 43 , 0
HonestReporter: , H_UL_887 , 796 , 0.632153 , 29 , 29 , 0
HonestReporter: , H_UL_888 , 797 , 0.632234 , 29 , 29 , 0
HonestReporter: , H_UL_889 , 798 , 0.591 , 26 , 26 , 0
HonestReporter: , H_UL_890 , 799 , 0.760103 , 40 , 40 , 0
HonestReporter: , H_UL_892 , 800 , 0.254808 , 1 , 1 , 0
HonestReporter: , H_UL_893 , 801 , 0.254808 , 1 , 1 , 0
HonestReporter: , H_UL_894 , 802 , 0.44806 , 16 , 16 , 0
HonestReporter: , H_UL_896 , 803 , 0.639757 , 30 , 30 , 0
HonestReporter: , H_UL_899 , 804 , 0.364875 , 10 , 10 , 0
HonestReporter: , H_UR_993 , 805 , 0.576864 , 25 , 25 , 0
HonestReporter: , H_UR_996 , 806 , 0.288995 , 4 , 4 , 0
HonestReporter: , H_UR_997 , 807 , 0.61849 , 28 , 28 , 0
HonestReporter: , H_UR_998 , 808 , 0.548443 , 23 , 23 , 0
HonestReporter: , H_UR_999 , 809 , 0.254802 , 1 , 1 , 0
HonestReporter: , H_UR_1001 , 810 , 0.548543 , 23 , 23 , 0
HonestReporter: , H_UR_1002 , 811 , 0.300977 , 5 , 5 , 0
HonestReporter: , H_UR_1004 , 812 , 0.277349 , 3 , 3 , 0
HonestReporter: , H_UR_1005 , 813 , 0.3919 , 12 , 12 , 0
HonestReporter: , H_UR_1006 , 814 , 0.265948 , 2 , 2 , 0
HonestReporter: , H_UR_1007 , 815 , 0.631947 , 29 , 29 , 0
HonestReporter: , H_UR_1008 , 816 , 0.289008 , 4 , 4 , 0
HonestReporter: , H_UR_1009 , 817 , 0.419871 , 14 , 14 , 0
HonestReporter: , H_UR_1011 , 818 , 0.476877 , 18 , 18 , 0
HonestReporter: , H_UR_1012 , 819 , 0.277285 , 3 , 3 , 0
HonestReporter: , H_UR_1013 , 820 , 0.277314 , 3 , 3 , 0
HonestReporter: , H_UR_1014 , 821 , 0.313236 , 6 , 6 , 0
HonestReporter: , H_UR_1015 , 822 , 0.288937 , 4 , 4 , 0
HonestReporter: , H_UR_1016 , 823 , 0.301026 , 5 , 5 , 0
HonestReporter: , H_UR_1018 , 824 , 0.254818 , 1 , 1 , 0
HonestReporter: , H_UR_1019 , 825 , 0.277225 , 3 , 3 , 0
HonestReporter: , H_UR_1020 , 826 , 0.325582 , 7 , 7 , 0
HonestReporter: , H_UR_1025 , 827 , 0.378352 , 11 , 11 , 0
HonestReporter: , H_UR_1026 , 828 , 0.265915 , 2 , 2 , 0
HonestReporter: , H_UR_1032 , 829 , 0.265828 , 2 , 2 , 0
HonestReporter: , H_UR_1034 , 830 , 0.33857 , 8 , 8 , 0
HonestReporter: , H_UR_1038 , 831 , 0.265827 , 2 , 2 , 0
HonestReporter: , H_UR_1043 , 832 , 0.277349 , 3 , 3 , 0
HonestReporter: , H_UR_1046 , 833 , 0.254818 , 1 , 1 , 0
HonestReporter: , H_UR_1049 , 834 , 0.351574 , 9 , 9 , 0
HonestReporter: , H_UR_1050 , 835 , 0.254802 , 1 , 1 , 0
HonestReporter: , H_UR_1051 , 836 , 0.277225 , 3 , 3 , 0
HonestReporter: , H_UR_1053 , 837 , 0.265828 , 2 , 2 , 0
HonestReporter: , H_UR_1054 , 838 , 0.300866 , 5 , 5 , 0
HonestReporter: , H_UR_1055 , 839 , 0.254802 , 1 , 1 , 0
HonestReporter: , H_UR_1056 , 840 , 0.590819 , 26 , 26 , 0
HonestReporter: , H_UR_1057 , 841 , 0.254802 , 1 , 1 , 0
HonestReporter: , H_UR_1058 , 842 , 0.265931 , 2 , 2 , 0
HonestReporter: , H_UR_1059 , 843 , 0.391973 , 12 , 12 , 0
HonestReporter: , H_UR_1062 , 844 , 0.351574 , 9 , 9 , 0
HonestReporter: , H_UR_1064 , 845 , 0.325768 , 7 , 7 , 0
HonestReporter: , H_UR_1065 , 846 , 0.300919 , 5 , 5 , 0
HonestReporter: , H_UR_1068 , 847 , 0.645126 , 30 , 30 , 0
HonestReporter: , H_UR_1069 , 848 , 0.254802 , 1 , 1 , 0
HonestReporter: , H_UR_1072 , 849 , 0.300866 , 5 , 5 , 0
HonestReporter: , H_UR_1073 , 850 , 0.265948 , 2 , 2 , 0
HonestReporter: , H_UR_1074 , 851 , 0.325839 , 7 , 7 , 0
HonestReporter: , H_UR_1075 , 852 , 0.265948 , 2 , 2 , 0
HonestReporter: , H_UR_1077 , 853 , 0.53416 , 22 , 22 , 0
HonestReporter: , H_UR_1078 , 854 , 0.43395 , 15 , 15 , 0
HonestReporter: , H_UR_1079 , 855 , 0.265948 , 2 , 2 , 0
HonestReporter: , H_UR_1082 , 856 , 0.351505 , 9 , 9 , 0
HonestReporter: , H_UR_1083 , 857 , 0.433778 , 15 , 15 , 0
HonestReporter: , H_UR_1085 , 858 , 0.265948 , 2 , 2 , 0
HonestReporter: , H_UR_1086 , 859 , 0.313344 , 6 , 6 , 0
HonestReporter: , H_UR_1089 , 860 , 0.288886 , 4 , 4 , 0
HonestReporter: , H_UR_1090 , 861 , 0.39198 , 12 , 12 , 0
HonestReporter: , H_UR_1092 , 862 , 0.265897 , 2 , 2 , 0
HonestReporter: , H_UR_1093 , 863 , 0.288994 , 4 , 4 , 0
HonestReporter: , H_UR_1094 , 864 , 0.405881 , 13 , 13 , 0
HonestReporter: , H_UR_1096 , 865 , 0.313289 , 6 , 6 , 0
HonestReporter: , H_UR_1097 , 866 , 0.277349 , 3 , 3 , 0
HonestReporter: , H_UR_1098 , 867 , 0.679599 , 33 , 33 , 0
HonestReporter: , H_UR_1099 , 868 , 0.254818 , 1 , 1 , 0
HonestReporter: , H_UR_1101 , 869 , 0.277383 , 3 , 3 , 0
HonestReporter: , H_UR_1102 , 870 , 0.548578 , 23 , 23 , 0
HonestReporter: , H_UR_1103 , 871 , 0.277225 , 3 , 3 , 0
HonestReporter: , H_UR_1105 , 872 , 0.645301 , 30 , 30 , 0
HonestReporter: , H_UR_1107 , 873 , 0.288885 , 4 , 4 , 0
HonestReporter: , H_UR_1109 , 874 , 0.433837 , 15 , 15 , 0
HonestReporter: , H_UR_1110 , 875 , 0.301026 , 5 , 5 , 0
HonestReporter: , H_UR_1111 , 876 , 0.590884 , 26 , 26 , 0
HonestReporter: , H_UR_1112 , 877 , 0.254834 , 1 , 1 , 0
HonestReporter: , H_UR_1115 , 878 , 0.325713 , 7 , 7 , 0
HonestReporter: , H_UR_1116 , 879 , 0.265948 , 2 , 2 , 0
HonestReporter: , H_UR_1118 , 880 , 0.325764 , 7 , 7 , 0
HonestReporter: , H_UR_1123 , 881 , 0.53425 , 22 , 22 , 0
HonestReporter: , H_UR_1124 , 882 , 0.41964 , 14 , 14 , 0
HonestReporter: , H_UR_1125 , 883 , 0.658358 , 31 , 31 , 0
HonestReporter: , H_UR_1127 , 884 , 0.265915 , 2 , 2 , 0
HonestReporter: , H_UR_1128 , 885 , 0.254818 , 1 , 1 , 0
HonestReporter: , H_UR_1129 , 886 , 0.338359 , 8 , 8 , 0
HonestReporter: , H_UR_1131 , 887 , 0.277348 , 3 , 3 , 0
HonestReporter: , H_UR_1135 , 888 , 0.254802 , 1 , 1 , 0
HonestReporter: , H_UR_1136 , 889 , 0.300866 , 5 , 5 , 0
HonestReporter: , H_UR_1137 , 890 , 0.265948 , 2 , 2 , 0
HonestReporter: , H_UR_1145 , 891 , 0.391967 , 12 , 12 , 0
HonestReporter: , H_UR_1146 , 892 , 0.265948 , 2 , 2 , 0
HonestReporter: , H_UR_1149 , 893 , 0.405845 , 13 , 13 , 0
HonestReporter: , H_UR_1151 , 894 , 0.254834 , 1 , 1 , 0
HonestReporter: , H_UR_1152 , 895 , 0.288903 , 4 , 4 , 0
HonestReporter: , H_UR_1154 , 896 , 0.254834 , 1 , 1 , 0
HonestReporter: , H_UR_1157 , 897 , 0.277264 , 3 , 3 , 0
HonestReporter: , H_UR_1158 , 898 , 0.378379 , 11 , 11 , 0
HonestReporter: , H_UR_1161 , 899 , 0.476613 , 18 , 18 , 0
HonestReporter: , H_UR_1162 , 900 , 0.391915 , 12 , 12 , 0
HonestReporter: , H_UR_1163 , 901 , 0.645203 , 30 , 30 , 0
HonestReporter: , H_UR_1165 , 902 , 0.35149 , 9 , 9 , 0
HonestReporter: , H_UR_1167 , 903 , 0.265897 , 2 , 2 , 0
HonestReporter: , H_UR_1169 , 904 , 0.277349 , 3 , 3 , 0
HonestReporter: , H_UR_1173 , 905 , 0.277349 , 3 , 3 , 0
HonestReporter: , H_UR_1176 , 906 , 0.604574 , 27 , 27 , 0
HonestReporter: , H_UR_1178 , 907 , 0.254818 , 1 , 1 , 0
HonestReporter: , H_UR_1179 , 908 , 0.277268 , 3 , 3 , 0
HonestReporter: , H_UR_1181 , 909 , 0.300938 , 5 , 5 , 0
HonestReporter: , H_UR_1182 , 910 , 0.288995 , 4 , 4 , 0
HonestReporter: , H_UR_1184 , 911 , 0.618548 , 28 , 28 , 0
HonestReporter: , H_UR_1185 , 912 , 0.288886 , 4 , 4 , 0
HonestReporter: , H_UR_1187 , 913 , 0.265931 , 2 , 2 , 0
HonestReporter: , H_UR_1188 , 914 , 0.658365 , 31 , 31 , 0
HonestReporter: , H_UR_1189 , 915 , 0.313198 , 6 , 6 , 0
HonestReporter: , H_UR_1192 , 916 , 0.30108 , 5 , 5 , 0
HonestReporter: , H_UR_1193 , 917 , 0.351496 , 9 , 9 , 0
HonestReporter: , H_UR_1194 , 918 , 0.300866 , 5 , 5 , 0
HonestReporter: , H_UR_1195 , 919 , 0.254818 , 1 , 1 , 0
