ScoreForMaliciousReporter: , 1 , M_LL_0 , -36.8 , 41 , 4 , 37
ScoreForMaliciousReporter: , 2 , M_LL_1 , -51.3329 , 52 , 0 , 52
ScoreForMaliciousReporter: , 3 , M_LL_2 , -53.0862 , 55 , 1 , 54
ScoreForMaliciousReporter: , 4 , M_LL_3 , -53.593 , 58 , 3 , 55
ScoreForMaliciousReporter: , 5 , M_LL_4 , -53.3902 , 55 , 1 , 54
ScoreForMaliciousReporter: , 6 , M_LL_5 , -54.9635 , 58 , 2 , 56
ScoreForMaliciousReporter: , 7 , M_LL_6 , -38.5387 , 44 , 4 , 40
ScoreForMaliciousReporter: , 8 , M_LL_7 , -22.076 , 22 , 0 , 22
ScoreForMaliciousReporter: , 9 , M_LL_8 , -64.5277 , 69 , 5 , 64
ScoreForMaliciousReporter: , 10 , M_LL_9 , -56.3928 , 58 , 1 , 57
ScoreForMaliciousReporter: , 11 , M_LL_10 , -19.5388 , 21 , 1 , 20
ScoreForMaliciousReporter: , 12 , M_LL_11 , -33.226 , 36 , 2 , 34
ScoreForMaliciousReporter: , 13 , M_LL_12 , -50.9576 , 54 , 2 , 52
ScoreForMaliciousReporter: , 14 , M_LL_13 , -40.513 , 46 , 4 , 42
ScoreForMaliciousReporter: , 15 , M_LL_14 , -41.3692 , 45 , 3 , 42
ScoreForMaliciousReporter: , 16 , M_LL_15 , -21.4758 , 23 , 1 , 22
ScoreForMaliciousReporter: , 17 , M_LL_16 , -30.1478 , 33 , 2 , 31
ScoreForMaliciousReporter: , 18 , M_LL_17 , -50.7435 , 52 , 2 , 50
ScoreForMaliciousReporter: , 19 , M_LL_18 , -53.6954 , 58 , 3 , 55
ScoreForMaliciousReporter: , 20 , M_LL_19 , -37.0273 , 40 , 2 , 38
ScoreForMaliciousReporter: , 21 , M_LL_20 , -50.8707 , 54 , 2 , 52
ScoreForMaliciousReporter: , 22 , M_LL_21 , -41.4971 , 47 , 4 , 43
ScoreForMaliciousReporter: , 23 , M_LL_22 , -40.7523 , 45 , 3 , 42
ScoreForMaliciousReporter: , 24 , M_LL_23 , -29.391 , 31 , 1 , 30
ScoreForMaliciousReporter: , 25 , M_LL_24 , -40.0014 , 43 , 2 , 41
ScoreForMaliciousReporter: , 26 , M_LL_25 , -36.7628 , 42 , 4 , 38
ScoreForMaliciousReporter: , 27 , M_LL_26 , -30.1782 , 30 , 0 , 30
ScoreForMaliciousReporter: , 28 , M_LL_27 , -60.5023 , 65 , 3 , 62
ScoreForMaliciousReporter: , 29 , M_LL_28 , -21.7246 , 22 , 0 , 22
ScoreForMaliciousReporter: , 30 , M_LL_29 , -52.4114 , 56 , 3 , 53
ScoreForMaliciousReporter: , 31 , M_LR_200 , -2.96142 , 3 , 0 , 3
ScoreForMaliciousReporter: , 32 , M_LR_201 , -9.63683 , 11 , 1 , 10
ScoreForMaliciousReporter: , 33 , M_LR_202 , -31.5804 , 32 , 0 , 32
ScoreForMaliciousReporter: , 34 , M_LR_203 , 0 , 0 , 0 , 0
ScoreForMaliciousReporter: , 35 , M_LR_204 , -3.71638 , 5 , 1 , 4
ScoreForMaliciousReporter: , 36 , M_LR_205 , -9.87214 , 10 , 0 , 10
ScoreForMaliciousReporter: , 37 , M_LR_206 , -3.70798 , 5 , 1 , 4
ScoreForMaliciousReporter: , 38 , M_LR_207 , -12.8321 , 13 , 0 , 13
ScoreForMaliciousReporter: , 39 , M_LR_208 , -8.40542 , 11 , 2 , 9
ScoreForMaliciousReporter: , 40 , M_LR_209 , 0 , 0 , 0 , 0
ScoreForMaliciousReporter: , 41 , M_LR_210 , -4.93635 , 5 , 0 , 5
ScoreForMaliciousReporter: , 42 , M_LR_211 , 0 , 0 , 0 , 0
ScoreForMaliciousReporter: , 43 , M_LR_212 , -0.989118 , 1 , 0 , 1
ScoreForMaliciousReporter: , 44 , M_LR_213 , 0 , 0 , 0 , 0
ScoreForMaliciousReporter: , 45 , M_LR_214 , -0.987933 , 1 , 0 , 1
ScoreForMaliciousReporter: , 46 , M_LR_215 , -0.987933 , 1 , 0 , 1
ScoreForMaliciousReporter: , 47 , M_LR_216 , -40.4689 , 41 , 0 , 41
ScoreForMaliciousReporter: , 48 , M_LR_217 , -24.9527 , 29 , 3 , 26
ScoreForMaliciousReporter: , 49 , M_LR_218 , -0.987933 , 1 , 0 , 1
ScoreForMaliciousReporter: , 50 , M_LR_219 , -9.86236 , 10 , 0 , 10
ScoreForMaliciousReporter: , 51 , M_LR_220 , -33.3156 , 35 , 1 , 34
ScoreForMaliciousReporter: , 52 , M_LR_221 , 0 , 0 , 0 , 0
ScoreForMaliciousReporter: , 53 , M_LR_222 , -32.1678 , 35 , 2 , 33
ScoreForMaliciousReporter: , 54 , M_LR_223 , -19.7456 , 20 , 0 , 20
ScoreForMaliciousReporter: , 55 , M_LR_224 , -1.97353 , 2 , 0 , 2
ScoreForMaliciousReporter: , 56 , M_LR_225 , 0 , 0 , 0 , 0
ScoreForMaliciousReporter: , 57 , M_LR_226 , -29.4178 , 36 , 5 , 31
ScoreForMaliciousReporter: , 58 , M_LR_227 , -5.92492 , 6 , 0 , 6
ScoreForMaliciousReporter: , 59 , M_LR_228 , -1.97353 , 2 , 0 , 2
ScoreForMaliciousReporter: , 60 , M_LR_229 , -36.2817 , 38 , 1 , 37
ScoreForMaliciousReporter: , 61 , M_UL_400 , -8.88417 , 9 , 0 , 9
ScoreForMaliciousReporter: , 62 , M_UL_401 , -30.3737 , 32 , 1 , 31
ScoreForMaliciousReporter: , 63 , M_UL_402 , 0 , 0 , 0 , 0
ScoreForMaliciousReporter: , 64 , M_UL_403 , -10.8601 , 11 , 0 , 11
ScoreForMaliciousReporter: , 65 , M_UL_404 , -16.7809 , 17 , 0 , 17
ScoreForMaliciousReporter: , 66 , M_UL_405 , -8.64752 , 10 , 1 , 9
ScoreForMaliciousReporter: , 67 , M_UL_406 , -18.2887 , 21 , 2 , 19
ScoreForMaliciousReporter: , 68 , M_UL_407 , 0 , 0 , 0 , 0
ScoreForMaliciousReporter: , 69 , M_UL_408 , -5.92473 , 6 , 0 , 6
ScoreForMaliciousReporter: , 70 , M_UL_409 , 0 , 0 , 0 , 0
ScoreForMaliciousReporter: , 71 , M_UL_410 , -16.7867 , 17 , 0 , 17
ScoreForMaliciousReporter: , 72 , M_UL_411 , -6.90963 , 7 , 0 , 7
ScoreForMaliciousReporter: , 73 , M_UL_412 , -2.96119 , 3 , 0 , 3
ScoreForMaliciousReporter: , 74 , M_UL_413 , -11.6115 , 13 , 1 , 12
ScoreForMaliciousReporter: , 75 , M_UL_414 , 0 , 0 , 0 , 0
ScoreForMaliciousReporter: , 76 , M_UL_415 , -0.985547 , 1 , 0 , 1
ScoreForMaliciousReporter: , 77 , M_UL_416 , 0 , 0 , 0 , 0
ScoreForMaliciousReporter: , 78 , M_UL_417 , 0 , 0 , 0 , 0
ScoreForMaliciousReporter: , 79 , M_UL_418 , -0.988013 , 1 , 0 , 1
ScoreForMaliciousReporter: , 80 , M_UL_419 , 0 , 0 , 0 , 0
ScoreForMaliciousReporter: , 81 , M_UL_420 , 0 , 0 , 0 , 0
ScoreForMaliciousReporter: , 82 , M_UL_421 , -2.95984 , 3 , 0 , 3
ScoreForMaliciousReporter: , 83 , M_UL_422 , -17.2971 , 20 , 2 , 18
ScoreForMaliciousReporter: , 84 , M_UL_423 , 0 , 0 , 0 , 0
ScoreForMaliciousReporter: , 85 , M_UL_424 , -7.89616 , 8 , 0 , 8
ScoreForMaliciousReporter: , 86 , M_UL_425 , 0 , 0 , 0 , 0
ScoreForMaliciousReporter: , 87 , M_UL_426 , -16.5482 , 18 , 1 , 17
ScoreForMaliciousReporter: , 88 , M_UL_427 , -1.97111 , 2 , 0 , 2
ScoreForMaliciousReporter: , 89 , M_UL_428 , -36.0935 , 44 , 6 , 38
ScoreForMaliciousReporter: , 90 , M_UL_429 , -8.88032 , 9 , 0 , 9
ScoreForMaliciousReporter: , 91 , M_UR_600 , -0.989164 , 1 , 0 , 1
ScoreForMaliciousReporter: , 92 , M_UR_601 , 0 , 0 , 0 , 0
ScoreForMaliciousReporter: , 93 , M_UR_602 , -9.63477 , 11 , 1 , 10
ScoreForMaliciousReporter: , 94 , M_UR_603 , 0 , 0 , 0 , 0
ScoreForMaliciousReporter: , 95 , M_UR_604 , -15.79 , 16 , 0 , 16
ScoreForMaliciousReporter: , 96 , M_UR_605 , -1.74103 , 3 , 1 , 2
ScoreForMaliciousReporter: , 97 , M_UR_606 , -0.989164 , 1 , 0 , 1
ScoreForMaliciousReporter: , 98 , M_UR_607 , -12.8298 , 13 , 0 , 13
ScoreForMaliciousReporter: , 99 , M_UR_608 , 0 , 0 , 0 , 0
ScoreForMaliciousReporter: , 100 , M_UR_609 , -10.8589 , 11 , 0 , 11
ScoreForMaliciousReporter: , 101 , M_UR_610 , 0 , 0 , 0 , 0
ScoreForMaliciousReporter: , 102 , M_UR_611 , -14.5697 , 16 , 1 , 15
ScoreForMaliciousReporter: , 103 , M_UR_612 , -9.86976 , 10 , 0 , 10
ScoreForMaliciousReporter: , 104 , M_UR_613 , 0 , 0 , 0 , 0
ScoreForMaliciousReporter: , 105 , M_UR_614 , -2.96256 , 3 , 0 , 3
ScoreForMaliciousReporter: , 106 , M_UR_615 , 0 , 0 , 0 , 0
ScoreForMaliciousReporter: , 107 , M_UR_616 , -3.94828 , 4 , 0 , 4
ScoreForMaliciousReporter: , 108 , M_UR_617 , 0 , 0 , 0 , 0
ScoreForMaliciousReporter: , 109 , M_UR_618 , -1.97828 , 2 , 0 , 2
ScoreForMaliciousReporter: , 110 , M_UR_619 , -13.5807 , 15 , 1 , 14
ScoreForMaliciousReporter: , 111 , M_UR_620 , 0 , 0 , 0 , 0
ScoreForMaliciousReporter: , 112 , M_UR_621 , -2.96027 , 3 , 0 , 3
ScoreForMaliciousReporter: , 113 , M_UR_622 , -0.989164 , 1 , 0 , 1
ScoreForMaliciousReporter: , 114 , M_UR_623 , -0.989164 , 1 , 0 , 1
ScoreForMaliciousReporter: , 115 , M_UR_624 , -15.5594 , 17 , 1 , 16
ScoreForMaliciousReporter: , 116 , M_UR_625 , -2.96027 , 3 , 0 , 3
ScoreForMaliciousReporter: , 117 , M_UR_626 , 0 , 0 , 0 , 0
ScoreForMaliciousReporter: , 118 , M_UR_627 , 0 , 0 , 0 , 0
ScoreForMaliciousReporter: , 119 , M_UR_628 , -1.97476 , 2 , 0 , 2
ScoreForMaliciousReporter: , 120 , M_UR_629 , -21.7184 , 22 , 0 , 22
