ScoreForSelfishReporter: , 121 , S_LL_30 , -64.3488 , 57 , 31 , 26
ScoreForSelfishReporter: , 122 , S_LL_31 , -79.8967 , 70 , 40 , 30
ScoreForSelfishReporter: , 123 , S_LL_32 , -59.9746 , 43 , 28 , 15
ScoreForSelfishReporter: , 124 , S_LL_33 , -63.2863 , 50 , 21 , 29
ScoreForSelfishReporter: , 125 , S_LL_34 , -86.3483 , 69 , 46 , 23
ScoreForSelfishReporter: , 126 , S_LL_35 , -38.5867 , 37 , 22 , 15
ScoreForSelfishReporter: , 127 , S_LL_36 , -84.2811 , 62 , 37 , 25
ScoreForSelfishReporter: , 128 , S_LL_37 , -56.6892 , 50 , 24 , 26
ScoreForSelfishReporter: , 129 , S_LL_38 , -68.9009 , 62 , 36 , 26
ScoreForSelfishReporter: , 130 , S_LL_39 , -64.3095 , 58 , 33 , 25
ScoreForSelfishReporter: , 131 , S_LL_40 , -34.446 , 31 , 17 , 14
ScoreForSelfishReporter: , 132 , S_LL_41 , -61.373 , 41 , 23 , 18
ScoreForSelfishReporter: , 133 , S_LL_42 , -34.2395 , 31 , 20 , 11
ScoreForSelfishReporter: , 134 , S_LL_43 , -72.8091 , 46 , 25 , 21
ScoreForSelfishReporter: , 135 , S_LL_44 , -50.6117 , 48 , 31 , 17
ScoreForSelfishReporter: , 136 , S_LL_45 , -33.7136 , 31 , 17 , 14
ScoreForSelfishReporter: , 137 , S_LL_46 , -31.2736 , 26 , 14 , 12
ScoreForSelfishReporter: , 138 , S_LL_47 , -72.3805 , 67 , 39 , 28
ScoreForSelfishReporter: , 139 , S_LL_48 , -79.8917 , 66 , 40 , 26
ScoreForSelfishReporter: , 140 , S_LL_49 , -90.4367 , 76 , 40 , 36
ScoreForSelfishReporter: , 141 , S_LR_130 , -22.6506 , 22 , 12 , 10
ScoreForSelfishReporter: , 142 , S_LR_131 , -33.2187 , 32 , 19 , 13
ScoreForSelfishReporter: , 143 , S_LR_132 , -13.562 , 13 , 6 , 7
ScoreForSelfishReporter: , 144 , S_LR_133 , -5.20431 , 5 , 4 , 1
ScoreForSelfishReporter: , 145 , S_LR_134 , -13.378 , 13 , 6 , 7
ScoreForSelfishReporter: , 146 , S_LR_135 , -14.6006 , 14 , 6 , 8
ScoreForSelfishReporter: , 147 , S_LR_136 , -29.2429 , 28 , 19 , 9
ScoreForSelfishReporter: , 148 , S_LR_137 , -7.1443 , 7 , 2 , 5
ScoreForSelfishReporter: , 149 , S_LR_138 , 0 , 0 , 0 , 0
ScoreForSelfishReporter: , 150 , S_LR_139 , -8.23488 , 8 , 3 , 5
ScoreForSelfishReporter: , 151 , S_LR_140 , 0 , 0 , 0 , 0
ScoreForSelfishReporter: , 152 , S_LR_141 , -7.17785 , 7 , 5 , 2
ScoreForSelfishReporter: , 153 , S_LR_142 , -30.2595 , 29 , 14 , 15
ScoreForSelfishReporter: , 154 , S_LR_143 , -8.18691 , 8 , 4 , 4
ScoreForSelfishReporter: , 155 , S_LR_144 , 0 , 0 , 0 , 0
ScoreForSelfishReporter: , 156 , S_LR_145 , -23.776 , 22 , 13 , 9
ScoreForSelfishReporter: , 157 , S_LR_146 , -7.1838 , 7 , 4 , 3
ScoreForSelfishReporter: , 158 , S_LR_147 , -3.13591 , 3 , 1 , 2
ScoreForSelfishReporter: , 159 , S_LR_148 , 0 , 0 , 0 , 0
ScoreForSelfishReporter: , 160 , S_LR_149 , -29.134 , 28 , 10 , 18
ScoreForSelfishReporter: , 161 , S_UL_230 , -1.01501 , 1 , 0 , 1
ScoreForSelfishReporter: , 162 , S_UL_231 , -19.5493 , 17 , 11 , 6
ScoreForSelfishReporter: , 163 , S_UL_232 , -18.5128 , 18 , 9 , 9
ScoreForSelfishReporter: , 164 , S_UL_233 , 0 , 0 , 0 , 0
ScoreForSelfishReporter: , 165 , S_UL_234 , -10.5085 , 10 , 8 , 2
ScoreForSelfishReporter: , 166 , S_UL_235 , -19.9675 , 19 , 11 , 8
ScoreForSelfishReporter: , 167 , S_UL_236 , -8.23238 , 8 , 2 , 6
ScoreForSelfishReporter: , 168 , S_UL_237 , -1.01501 , 1 , 0 , 1
ScoreForSelfishReporter: , 169 , S_UL_238 , -2.02975 , 2 , 0 , 2
ScoreForSelfishReporter: , 170 , S_UL_239 , -19.1143 , 18 , 9 , 9
ScoreForSelfishReporter: , 171 , S_UL_240 , -3.06091 , 3 , 1 , 2
ScoreForSelfishReporter: , 172 , S_UL_241 , -4.54588 , 4 , 2 , 2
ScoreForSelfishReporter: , 173 , S_UL_242 , 0 , 0 , 0 , 0
ScoreForSelfishReporter: , 174 , S_UL_243 , -6.14924 , 6 , 3 , 3
ScoreForSelfishReporter: , 175 , S_UL_244 , 0 , 0 , 0 , 0
ScoreForSelfishReporter: , 176 , S_UL_245 , 0 , 0 , 0 , 0
ScoreForSelfishReporter: , 177 , S_UL_246 , -27.9464 , 24 , 14 , 10
ScoreForSelfishReporter: , 178 , S_UL_247 , -4.08708 , 4 , 1 , 3
ScoreForSelfishReporter: , 179 , S_UL_248 , -13.3144 , 13 , 4 , 9
ScoreForSelfishReporter: , 180 , S_UL_249 , -28.852 , 28 , 15 , 13
ScoreForSelfishReporter: , 181 , S_UR_330 , -14.37 , 14 , 7 , 7
ScoreForSelfishReporter: , 182 , S_UR_331 , -13.2729 , 13 , 4 , 9
ScoreForSelfishReporter: , 183 , S_UR_332 , 0 , 0 , 0 , 0
ScoreForSelfishReporter: , 184 , S_UR_333 , -28.9151 , 28 , 13 , 15
ScoreForSelfishReporter: , 185 , S_UR_334 , 0 , 0 , 0 , 0
ScoreForSelfishReporter: , 186 , S_UR_335 , -11.231 , 11 , 5 , 6
ScoreForSelfishReporter: , 187 , S_UR_336 , -1.03022 , 1 , 1 , 0
ScoreForSelfishReporter: , 188 , S_UR_337 , -9.31274 , 9 , 5 , 4
ScoreForSelfishReporter: , 189 , S_UR_338 , -4.09634 , 4 , 1 , 3
ScoreForSelfishReporter: , 190 , S_UR_339 , -13.2911 , 13 , 7 , 6
ScoreForSelfishReporter: , 191 , S_UR_340 , -7.18119 , 7 , 3 , 4
ScoreForSelfishReporter: , 192 , S_UR_341 , -1.03022 , 1 , 1 , 0
ScoreForSelfishReporter: , 193 , S_UR_342 , -8.16513 , 8 , 2 , 6
ScoreForSelfishReporter: , 194 , S_UR_343 , 0 , 0 , 0 , 0
ScoreForSelfishReporter: , 195 , S_UR_344 , -6.08492 , 6 , 2 , 4
ScoreForSelfishReporter: , 196 , S_UR_345 , 0 , 0 , 0 , 0
ScoreForSelfishReporter: , 197 , S_UR_346 , -22.5885 , 22 , 10 , 12
ScoreForSelfishReporter: , 198 , S_UR_347 , 0 , 0 , 0 , 0
ScoreForSelfishReporter: , 199 , S_UR_348 , -11.2352 , 11 , 3 , 8
ScoreForSelfishReporter: , 200 , S_UR_349 , 0 , 0 , 0 , 0
